<!--?xml Version = "1.0"?-->
<document>
    <cN>16</cN>
    <node>
        <type>1</type>
        <ID>ArmBarLeft</ID>
        <box>
            <c>0.304167 -0.185037 0.798705</c>
            <x>-0.000578395 0.000132184 1</x>
            <y>-0.938969 0.344001 -0.000588567</y>
            <z>0.344001 0.938969 7.48519e-05</z>
            <e>0.0784788 0.0125807 0.012428</e>
        </box>
    </node>
    <node>
        <type>1</type>
        <ID>ArmBarRight</ID>
        <box>
            <c>-0.302108 -0.185082 0.798733</c>
            <x>0.000774416 -0.000638035 -0.999999</x>
            <y>0.935903 0.352258 0.000500026</y>
            <z>-0.352257 0.935903 -0.000869933</z>
            <e>0.0784816 0.0126121 0.0123992</e>
        </box>
    </node>
    <node>
        <type>1</type>
        <ID>ArmRestLeft</ID>
        <box>
            <c>0.294887 -0.0262207 0.883334</c>
            <x>0.0426125 -0.999092 0.000466699</x>
            <y>-0.999085 -0.0426139 -0.00373918</y>
            <z>-0.00375567 0.000306936 0.999993</z>
            <e>0.221842 0.0428818 0.0167074</e>
        </box>
    </node>
    <node>
        <type>1</type>
        <ID>ArmRestRight</ID>
        <box>
            <c>-0.301239 -0.0263675 0.88346</c>
            <x>-0.0142461 -0.999898 -0.000782728</x>
            <y>-0.999896 0.0142445 0.00206895</y>
            <z>0.00205759 -0.000812121 0.999998</z>
            <e>0.222242 0.0428374 0.016685</e>
        </box>
    </node>
    <node>
        <type>2</type>
        <ID>Back</ID>
        <box>
            <c>0.00131717 0.206776 0.998997</c>
            <x>0.999988 -0.000964509 0.00470083</x>
            <y>-0.00470532 -0.00470642 0.999978</y>
            <z>0.000942364 0.999988 0.0047109</z>
            <e>0.308825 0.0818596 0.0221156</e>
        </box>
    </node>
    <node>
        <type>1</type>
        <ID>BarLeft</ID>
        <box>
            <c>0.304704 0.188995 0.905859</c>
            <x>0.00731282 0.000653329 -0.999973</x>
            <y>0.990695 0.135905 0.00733376</y>
            <z>-0.135906 0.990722 -0.000346597</z>
            <e>0.191069 0.0159209 0.015124</e>
        </box>
    </node>
    <node>
        <type>1</type>
        <ID>BarRight</ID>
        <box>
            <c>-0.302395 0.189133 0.905864</c>
            <x>0.0011423 0.00335515 0.999994</x>
            <y>-0.988223 0.153021 0.000615443</y>
            <z>0.153018 0.988217 -0.00349043</z>
            <e>0.190929 0.0152092 0.0150687</e>
        </box>
    </node>
    <node>
        <type>1</type>
        <ID>BottomBarBack</ID>
        <box>
            <c>0.000247653 0.206655 0.17419</c>
            <x>1 -0.000485201 -0.000277216</x>
            <y>-0.000484688 -0.999998 0.00184809</y>
            <z>0.000278112 0.00184796 0.999998</z>
            <e>0.222789 0.0242264 0.0143404</e>
        </box>
    </node>
    <node>
        <type>1</type>
        <ID>BottomBarFront</ID>
        <box>
            <c>0.000225357 -0.201272 0.174044</c>
            <x>0.999978 0.0065688 0.000435112</x>
            <y>-0.00656647 0.999965 -0.00514805</y>
            <z>0.000468914 -0.00514508 -0.999987</z>
            <e>0.222927 0.0256055 0.0144341</e>
        </box>
    </node>
    <node>
        <type>1</type>
        <ID>LegBackLeft</ID>
        <box>
            <c>-0.0248478 0.225854 0.319814</c>
            <x>0.658141 -0.000882539 0.752894</x>
            <y>0.752844 -0.0108267 -0.65811</y>
            <z>-0.00873216 -0.999941 0.00646107</z>
            <e>0.461229 0.019696 0.0194215</e>
        </box>
    </node>
    <node>
        <type>1</type>
        <ID>LegBackRight</ID>
        <box>
            <c>0.0325811 0.188927 0.320329</c>
            <x>-0.661141 0.00086532 0.750261</x>
            <y>-0.750257 -0.00421658 -0.661133</y>
            <z>-0.00259144 0.999991 -0.00343697</z>
            <e>0.461541 0.0215402 0.0194839</e>
        </box>
    </node>
    <node>
        <type>1</type>
        <ID>LegFrontLeft</ID>
        <box>
            <c>-0.0238564 -0.222517 0.318891</c>
            <x>-0.656554 -0.0209871 -0.753987</x>
            <y>0.00747421 -0.999745 0.0213194</y>
            <z>0.754242 -0.00836187 -0.656543</z>
            <e>0.461082 0.0289351 0.0192188</e>
        </box>
    </node>
    <node>
        <type>1</type>
        <ID>LegFrontRight</ID>
        <box>
            <c>0.0323559 -0.18612 0.319265</c>
            <x>0.654681 0.000686921 -0.755905</x>
            <y>-0.755864 0.0110124 -0.654636</y>
            <z>-0.00787464 -0.999939 -0.00772882</z>
            <e>0.461021 0.019112 0.0194771</e>
        </box>
    </node>
    <node>
        <type>2</type>
        <ID>Seat</ID>
        <box>
            <c>0.00515077 0.00197745 0.673566</c>
            <x>0.999943 0.00618595 0.0087163</x>
            <y>-0.00618576 0.999981 -4.89336e-05</y>
            <z>0.00871643 4.98614e-06 -0.999962</z>
            <e>0.270157 0.250974 0.0236055</e>
        </box>
    </node>
    <node>
        <type>1</type>
        <ID>SeatBarLeft</ID>
        <box>
            <c>0.293476 0.00100292 0.698537</c>
            <x>-0.703565 -0.00276699 -0.710626</x>
            <y>-0.00212604 0.999996 -0.0017888</y>
            <z>-0.710628 -0.000252279 0.703568</z>
            <e>0.0479835 0.25601 0.0358074</e>
        </box>
    </node>
    <node>
        <type>1</type>
        <ID>SeatBarRight</ID>
        <box>
            <c>-0.286313 0.000976742 0.698569</c>
            <x>0.00224437 -0.999997 0.00112083</x>
            <y>-0.704344 -0.000785187 0.709858</y>
            <z>0.709855 0.00238263 0.704344</z>
            <e>0.256226 0.0474244 0.0357476</e>
        </box>
    </node>
    <cL>0</cL>
</document>
