<!--?xml Version = "1.0"?-->
<document>
    <cN>24</cN>
    <node>
        <type>2</type>
        <ID>ArmRestLeft</ID>
        <box>
            <c>0.293613 -0.038154 0.686742</c>
            <x>-0.00665167 -0.000868868 -0.999977</x>
            <y>-0.00074709 -0.999999 0.000873857</y>
            <z>-0.999978 0.000752886 0.00665102</z>
            <e>0.0719642 0.228622 0.0171231</e>
        </box>
    </node>
    <node>
        <type>2</type>
        <ID>ArmRestRight</ID>
        <box>
            <c>-0.29277 -0.038154 0.686742</c>
            <x>-0.00665165 0.000868869 0.999978</x>
            <y>-0.000747061 0.999999 -0.000873857</y>
            <z>-0.999978 -0.000752857 -0.006651</z>
            <e>0.0719642 0.228622 0.0171231</e>
        </box>
    </node>
    <node>
        <type>1</type>
        <ID>SeatSide01</ID>
        <box>
            <c>0.270798 -0.104666 0.575221</c>
            <x>0.0751349 -0.0085884 -0.997136</x>
            <y>-0.00471102 0.999949 -0.0089676</y>
            <z>0.997162 0.00537131 0.0750906</z>
            <e>0.021558 0.298875 0.0129526</e>
        </box>
    </node>
    <node>
        <type>1</type>
        <ID>SeatSide02</ID>
        <box>
            <c>-0.269955 -0.104666 0.575221</c>
            <x>0.0751342 0.0085884 0.997136</x>
            <y>-0.00471101 -0.999949 0.00896759</y>
            <z>0.997162 -0.0053713 -0.0750899</z>
            <e>0.021558 0.298875 0.0129526</e>
        </box>
    </node>
    <node>
        <type>1</type>
        <ID>BarLeft</ID>
        <box>
            <c>0.269906 0.263904 0.801098</c>
            <x>0.00672202 0.356505 0.934269</x>
            <y>-0.0729456 -0.931627 0.356021</y>
            <z>0.997313 -0.070544 0.019743</z>
            <e>0.230589 0.03632 0.0125228</e>
        </box>
    </node>
    <node>
        <type>1</type>
        <ID>BarRight</ID>
        <box>
            <c>-0.269063 0.263904 0.801098</c>
            <x>0.00672203 -0.356505 -0.934269</x>
            <y>-0.0729461 0.931627 -0.356021</y>
            <z>0.997313 0.0705445 -0.0197432</z>
            <e>0.230589 0.03632 0.0125228</e>
        </box>
    </node>
    <node>
        <type>1</type>
        <ID>Leg01</ID>
        <box>
            <c>-0.29458 0.283655 0.306476</c>
            <x>-0.821694 -0.540675 -0.180249</x>
            <y>-4.23732e-06 0.316271 -0.948669</y>
            <z>0.569929 -0.779515 -0.25988</z>
            <e>0.010715 0.328548 0.0108602</e>
        </box>
    </node>
    <node>
        <type>1</type>
        <ID>Leg02</ID>
        <box>
            <c>0.293522 0.28364 0.306471</c>
            <x>-7.80932e-06 0.316252 -0.948675</x>
            <y>-0.955048 -0.281238 -0.0937461</y>
            <z>-0.296451 0.90603 0.302038</z>
            <e>0.328547 0.0108463 0.0107657</e>
        </box>
    </node>
    <node>
        <type>1</type>
        <ID>Leg03</ID>
        <box>
            <c>-0.294587 -0.280809 0.305608</c>
            <x>-0.929139 0.368518 -0.0299307</x>
            <y>-5.36691e-07 -0.080954 -0.996718</y>
            <z>-0.369731 -0.926089 0.0752177</z>
            <e>0.010855 0.311294 0.0107911</e>
        </box>
    </node>
    <node>
        <type>1</type>
        <ID>Leg04</ID>
        <box>
            <c>0.292506 -0.280812 0.305608</c>
            <x>0.519522 -0.851653 0.0691705</x>
            <y>-2.48006e-07 -0.0809527 -0.996718</y>
            <z>0.854457 0.517817 -0.0420569</z>
            <e>0.0108032 0.311293 0.0108395</e>
        </box>
    </node>
    <node>
        <type>1</type>
        <ID>SeatBar01</ID>
        <box>
            <c>-0.0005335 -0.119123 0.581618</c>
            <x>6.07153e-18 0.992255 -0.124214</x>
            <y>-1 7.82096e-08 6.2476e-07</y>
            <z>6.29636e-07 0.124214 0.992255</z>
            <e>0.036456 0.262518 0.00565389</e>
        </box>
    </node>
    <node>
        <type>1</type>
        <ID>SeatBar02</ID>
        <box>
            <c>-0.0005435 -0.286855 0.586145</c>
            <x>-4.5697e-15 -0.993804 -0.111147</x>
            <y>-1 2.55757e-12 -2.28288e-11</y>
            <z>2.29717e-11 0.111147 -0.993804</z>
            <e>0.0364878 0.26458 0.00565167</e>
        </box>
    </node>
    <node>
        <type>1</type>
        <ID>SeatBar03</ID>
        <box>
            <c>-0.001234 -0.368152 0.57074</c>
            <x>-1 1.69866e-08 -6.9856e-08</x>
            <y>-1.73472e-18 -0.971685 -0.236281</y>
            <z>-7.18916e-08 -0.236281 0.971685</z>
            <e>0.265351 0.0360247 0.00574058</e>
        </box>
    </node>
    <node>
        <type>1</type>
        <ID>SeatBar04</ID>
        <box>
            <c>-0.0005335 0.0501637 0.561547</c>
            <x>-1 8.5936e-09 2.19469e-07</x>
            <y>1.45616e-11 -0.999232 0.0391926</y>
            <z>2.19637e-07 0.0391926 0.999232</z>
            <e>0.264285 0.0365438 0.00562284</e>
        </box>
    </node>
    <node>
        <type>1</type>
        <ID>SeatBar05</ID>
        <box>
            <c>-0.001234 0.135035 0.568254</c>
            <x>1 6.98995e-08 -3.05677e-07</x>
            <y>2.59029e-11 0.974819 0.222998</y>
            <z>3.13567e-07 -0.222998 0.974819</z>
            <e>0.265351 0.0360829 0.00573123</e>
        </box>
    </node>
    <node>
        <type>1</type>
        <ID>SeatBar06</ID>
        <box>
            <c>-0.0005235 -0.203426 0.588667</c>
            <x>-1.63539e-14 0.999467 -0.0326466</x>
            <y>-1 3.65233e-12 1.12293e-10</y>
            <z>1.12353e-10 0.0326466 0.999467</z>
            <e>0.0365442 0.262792 0.00562444</e>
        </box>
    </node>
    <node>
        <type>1</type>
        <ID>SeatBar07</ID>
        <box>
            <c>-0.0005335 -0.0349957 0.569966</c>
            <x>1.51788e-18 0.990524 -0.13734</x>
            <y>-1 4.39754e-08 3.17159e-07</y>
            <z>3.20193e-07 0.13734 0.990524</z>
            <e>0.036422 0.263168 0.00566346</e>
        </box>
    </node>
    <node>
        <type>1</type>
        <ID>BackBar01</ID>
        <box>
            <c>-0.000137093 0.209025 0.608542</c>
            <x>-0.999974 0.00303404 0.00652971</x>
            <y>-0.00695678 -0.64093 -0.767568</y>
            <z>0.00185626 -0.767593 0.640935</z>
            <e>0.263175 0.0401375 0.0101758</e>
        </box>
    </node>
    <node>
        <type>1</type>
        <ID>BackBar02</ID>
        <box>
            <c>-0.0007365 0.236219 0.680372</c>
            <x>-1 -5.20498e-08 8.54293e-09</x>
            <y>6.50521e-19 -0.161963 -0.986797</y>
            <z>5.27462e-08 -0.986797 0.161963</z>
            <e>0.262802 0.0276408 0.00746505</e>
        </box>
    </node>
    <node>
        <type>1</type>
        <ID>BackBar03</ID>
        <box>
            <c>-0.0005335 0.245149 0.747023</c>
            <x>-2.38524e-18 -0.139037 -0.990287</x>
            <y>-1 3.01944e-07 -4.23932e-08</y>
            <z>3.04905e-07 0.990287 -0.139037</z>
            <e>0.0275792 0.262518 0.0074767</e>
        </box>
    </node>
    <node>
        <type>1</type>
        <ID>BackBar04</ID>
        <box>
            <c>-0.0005335 0.254796 0.812141</c>
            <x>-1 1.30812e-06 -2.14554e-07</x>
            <y>-7.15191e-11 -0.161908 -0.986806</y>
            <z>-1.3256e-06 -0.986806 0.161908</z>
            <e>0.262802 0.0276425 0.00747286</e>
        </box>
    </node>
    <node>
        <type>1</type>
        <ID>BackBar05</ID>
        <box>
            <c>-0.0005335 0.268549 0.875705</c>
            <x>-1 -2.28395e-12 5.92859e-13</x>
            <y>1.31026e-15 -0.251436 -0.967874</y>
            <z>2.35969e-12 -0.967874 0.251436</z>
            <e>0.262599 0.0279464 0.00739885</e>
        </box>
    </node>
    <node>
        <type>1</type>
        <ID>BackBar06</ID>
        <box>
            <c>-0.0015995 0.292927 0.937057</c>
            <x>-1 1.03877e-06 -6.46958e-07</x>
            <y>-3.30873e-10 -0.52889 -0.84869</y>
            <z>-1.22377e-06 -0.84869 0.52889</z>
            <e>0.264986 0.0296236 0.00703527</e>
        </box>
    </node>
    <node>
        <type>1</type>
        <ID>BackBar07</ID>
        <box>
            <c>-0.001234 0.345956 0.9868</c>
            <x>-2.93765e-05 0.846881 0.531782</x>
            <y>1 2.44608e-05 1.6287e-05</y>
            <z>7.85291e-07 0.531782 -0.846881</z>
            <e>0.0335338 0.265352 0.00621149</e>
        </box>
    </node>
    <cL>0</cL>
</document>
