<!--?xml Version = "1.0"?-->
<document>
    <cN>14</cN>
    <node>
        <type>1</type>
        <ID>LeftBackLeg</ID>
        <box>
            <c>-1.06306 0.50106 0.973458</c>
            <x>-0.0116627 -0.00068203 -0.999932</x>
            <y>0.999754 -0.018859 -0.0116477</y>
            <z>0.0188498 0.999822 -0.000901809</z>
            <e>1.04469 0.0529914 0.0311223</e>
        </box>
    </node>
    <node>
        <type>1</type>
        <ID>LeftFrontLeg</ID>
        <box>
            <c>-1.06299 -0.503521 0.970692</c>
            <x>0.0165748 0.999861 0.00203771</x>
            <y>-0.999862 0.0165731 0.000834647</y>
            <z>-0.00080076 0.00205126 -0.999998</z>
            <e>0.0308718 0.0426654 1.04251</e>
        </box>
    </node>
    <node>
        <type>2</type>
        <ID>LowBoardSheet</ID>
        <box>
            <c>0.000209738 -0.00606025 0.357297</c>
            <x>0.999978 -0.000249772 -0.00662112</x>
            <y>-0.00662358 -0.0116235 -0.999911</y>
            <z>-0.000172789 -0.999932 0.0116249</z>
            <e>1.06547 0.101348 0.541994</e>
        </box>
    </node>
    <node>
        <type>1</type>
        <ID>LowLeftDownBar</ID>
        <box>
            <c>-1.06191 -0.00147828 0.594771</c>
            <x>0.000284827 -0.999994 -0.00358181</x>
            <y>-0.00946061 0.00357896 -0.999949</y>
            <z>-0.999955 -0.000318699 0.00945953</z>
            <e>0.520516 0.0423651 0.0104165</e>
        </box>
    </node>
    <node>
        <type>1</type>
        <ID>LowLeftUpBar</ID>
        <box>
            <c>-1.0627 -0.00190327 0.818994</c>
            <x>0.00148589 -0.999998 -0.00115428</x>
            <y>0.0222398 0.00118704 -0.999752</y>
            <z>-0.999752 -0.00145985 -0.0222416</z>
            <e>0.520835 0.0430773 0.0113316</e>
        </box>
    </node>
    <node>
        <type>1</type>
        <ID>LowRightDownBar</ID>
        <box>
            <c>1.06178 -0.000739867 0.595463</c>
            <x>0.000611735 -0.999965 -0.0082987</x>
            <y>0.0174309 0.00830811 -0.999814</y>
            <z>-0.999848 -0.000466968 -0.0174354</z>
            <e>0.520996 0.0453916 0.0103707</e>
        </box>
    </node>
    <node>
        <type>1</type>
        <ID>LowRightUpBar</ID>
        <box>
            <c>1.0616 -0.000557428 0.818476</c>
            <x>0.0165012 -0.00117202 -0.999863</x>
            <y>0.0011136 -0.999999 0.00119056</y>
            <z>0.999863 0.00113309 0.0164999</z>
            <e>0.0417631 0.5212 0.0104248</e>
        </box>
    </node>
    <node>
        <type>1</type>
        <ID>RightBackLeg</ID>
        <box>
            <c>1.06272 0.499257 0.973609</c>
            <x>-0.999947 -0.0102163 0.00095316</x>
            <y>0.000959603 -0.000625798 0.999999</y>
            <z>0.0102157 -0.999948 -0.000635568</z>
            <e>0.0415819 1.04419 0.0285303</e>
        </box>
    </node>
    <node>
        <type>1</type>
        <ID>RightFrontLeg</ID>
        <box>
            <c>1.06487 -0.503097 0.972663</c>
            <x>-0.999965 -0.00827993 0.000818455</x>
            <y>-0.00082038 0.000229103 -1</y>
            <z>-0.00827974 0.999966 0.000235887</z>
            <e>0.0431395 1.04385 0.0292949</e>
        </box>
    </node>
    <node>
        <type>2</type>
        <ID>UpBoardSheet</ID>
        <box>
            <c>0.00538598 -0.00216233 1.39236</c>
            <x>0.999913 -0.0132017 -0.000361726</x>
            <y>0.000437408 0.00573036 0.999983</y>
            <z>0.0131994 0.999896 -0.00573564</z>
            <e>1.07226 0.0930308 0.554429</e>
        </box>
    </node>
    <node>
        <type>1</type>
        <ID>UpLeftDownBar</ID>
        <box>
            <c>-1.06236 -0.00183407 1.62731</c>
            <x>-0.99954 0.000923482 0.0303076</x>
            <y>0.000866266 0.999998 -0.0019009</y>
            <z>0.0303093 0.00187377 0.999539</z>
            <e>0.0121602 0.520914 0.0420106</e>
        </box>
    </node>
    <node>
        <type>1</type>
        <ID>UpLeftUpBar</ID>
        <box>
            <c>-1.06319 -0.00216224 1.85078</c>
            <x>0.00117159 -0.999999 0.00111195</x>
            <y>0.00949644 -0.00110078 -0.999954</y>
            <z>-0.999954 -0.0011821 -0.00949514</z>
            <e>0.520709 0.0419297 0.0111037</e>
        </box>
    </node>
    <node>
        <type>1</type>
        <ID>UpRightDownBar</ID>
        <box>
            <c>1.06123 -0.00251213 1.62634</c>
            <x>0.0094413 0.00032396 -0.999955</x>
            <y>-0.00146078 0.999999 0.000310181</y>
            <z>-0.999954 -0.00145779 -0.00944176</z>
            <e>0.0410561 0.521129 0.0109266</e>
        </box>
    </node>
    <node>
        <type>1</type>
        <ID>UpRightUpBar</ID>
        <box>
            <c>1.06079 -0.00180203 1.85087</c>
            <x>0.997851 0.00123947 -0.0655172</x>
            <y>0.00113983 -0.999998 -0.00155818</y>
            <z>0.065519 -0.00148016 0.99785</z>
            <e>0.0140877 0.520747 0.0421671</e>
        </box>
    </node>
    <cL>0</cL>
</document>
