<!--?xml Version = "1.0"?-->
<document>
    <cN>6</cN>
    <node>
        <type>2</type>
        <ID>Box001</ID>
        <box>
            <c>0 0 0.5</c>
            <x>0 0 1</x>
            <y>0 1 0</y>
            <z>1 0 0</z>
            <e>0.5 15 30</e>
        </box>
    </node>
    <node>
        <type>2</type>
        <ID>Box002</ID>
        <box>
            <c>0 0 20.5</c>
            <x>0 0 1</x>
            <y>0 1 0</y>
            <z>1 0 0</z>
            <e>0.5 15 30</e>
        </box>
    </node>
    <node>
        <type>2</type>
        <ID>Box003</ID>
        <box>
            <c>-15.4794 0 10.392</c>
            <x>-0.958795 0 0.2841</x>
            <y>0.2841 0 0.958795</y>
            <z>0 1 0</z>
            <e>0.500003 10 15</e>
        </box>
    </node>
    <node>
        <type>2</type>
        <ID>Box004</ID>
        <box>
            <c>15.4794 0 10.392</c>
            <x>0.958795 0 0.284099</x>
            <y>0 1 0</y>
            <z>0.284099 0 -0.958795</z>
            <e>0.500003 15 10.0001</e>
        </box>
    </node>
    <node>
        <type>2</type>
        <ID>Box006</ID>
        <box>
            <c>0 -10.5083 10.392</c>
            <x>0 -0.958795 0.2841</x>
            <y>0 0.2841 0.958795</y>
            <z>-1 0 0</z>
            <e>0.500003 10 10</e>
        </box>
    </node>
    <node>
        <type>2</type>
        <ID>Box007</ID>
        <box>
            <c>-3.10862e-15 9.583 10.392</c>
            <x>1 5.55112e-17 -1.66533e-16</x>
            <y>2.22045e-16 -0.2841 0.958795</y>
            <z>0 -0.958795 -0.2841</z>
            <e>10 10 0.500003</e>
        </box>
    </node>
    <cL>0</cL>
</document>
