<!--?xml Version = "1.0"?-->
<document>
    <cN>7</cN>
    <node>
        <type>2</type>
        <ID>Box001</ID>
        <box>
            <c>0 0 0.5</c>
            <x>0 0 1</x>
            <y>0 1 0</y>
            <z>1 0 0</z>
            <e>0.5 15 30</e>
        </box>
    </node>
    <node>
        <type>2</type>
        <ID>Box002</ID>
        <box>
            <c>0 0 20.5</c>
            <x>0 0 1</x>
            <y>0 1 0</y>
            <z>1 0 0</z>
            <e>0.5 15 30</e>
        </box>
    </node>
    <node>
        <type>2</type>
        <ID>Box003</ID>
        <box>
            <c>-14.5418 -0.1408 10.392</c>
            <x>-0.293723 -0.95589 0</x>
            <y>-0.271565 0.0834458 0.958796</y>
            <z>-0.916504 0.281621 -0.284096</z>
            <e>15 9.99999 0.499996</e>
        </box>
    </node>
    <node>
        <type>2</type>
        <ID>Box004</ID>
        <box>
            <c>15.4794 0 10.3921</c>
            <x>0.958795 0 0.284099</x>
            <y>0 1 0</y>
            <z>0.284099 0 -0.958795</z>
            <e>0.500003 15 10.0001</e>
        </box>
    </node>
    <node>
        <type>2</type>
        <ID>Box006</ID>
        <box>
            <c>0.310907 -10.3939 10.392</c>
            <x>0.761224 0.648489 1.76464e-06</x>
            <y>-0.184236 0.216261 0.958795</y>
            <z>0.621768 -0.729858 0.284098</z>
            <e>10 10 0.500026</e>
        </box>
    </node>
    <node>
        <type>2</type>
        <ID>Box007</ID>
        <box>
            <c>0.359107 9.42126 10.392</c>
            <x>-0.662546 0.749021 -9.02365e-07</x>
            <y>-0.212798 -0.188229 0.958795</y>
            <z>0.718157 0.635246 0.2841</z>
            <e>10 10 0.500033</e>
        </box>
    </node>
    <node>
        <type>2</type>
        <ID>Box008</ID>
        <box>
            <c>20.3101 0.0210995 10.392</c>
            <x>-0.0440234 0.999031 6.48171e-18</x>
            <y>0.28382 0.0125068 -0.958796</y>
            <z>-0.957866 -0.0422094 -0.284096</z>
            <e>15 10.0001 0.500017</e>
        </box>
    </node>
    <cL>0</cL>
</document>
