<!--?xml Version = "1.0"?-->
<document>
    <cN>12</cN>
    <node>
        <type>2</type>
        <ID>Back</ID>
        <box>
            <c>0.000884503 0.187493 1.01153</c>
            <x>1 0 0</x>
            <y>0 1 0</y>
            <z>0 0 1</z>
            <e>0.30944 0.065485 0.212761</e>
        </box>
    </node>
    <node>
        <type>1</type>
        <ID>BarLeft</ID>
        <box>
            <c>0.23746 0.224431 0.815192</c>
            <x>-0.999909 -0.0133999 0.00179062</x>
            <y>0.000445798 0.0996983 0.995018</y>
            <z>0.0135116 -0.994927 0.0996833</z>
            <e>0.0188251 0.331125 0.0186975</e>
        </box>
    </node>
    <node>
        <type>1</type>
        <ID>BarRight</ID>
        <box>
            <c>-0.231357 0.225154 0.815135</c>
            <x>-0.0124502 0.0977962 0.995129</x>
            <y>-0.999242 -0.0379256 -0.00877458</y>
            <z>-0.0368827 0.994484 -0.0981942</z>
            <e>0.33109 0.0237739 0.0190091</e>
        </box>
    </node>
    <node>
        <type>2</type>
        <ID>LegBackLeft</ID>
        <box>
            <c>0.237343 0.259565 0.237235</c>
            <x>0.999987 0.00509011 -0.000109926</x>
            <y>-0.00140672 0.255479 -0.966813</y>
            <z>0.00489311 -0.966801 -0.255483</z>
            <e>0.0184145 0.27004 0.0182922</e>
        </box>
    </node>
    <node>
        <type>2</type>
        <ID>LegBackRight</ID>
        <box>
            <c>-0.231128 0.259634 0.236954</c>
            <x>0.999965 0.003471 -0.00761838</x>
            <y>0.00825389 -0.256538 0.966499</y>
            <z>-0.00140031 0.966528 0.256558</z>
            <e>0.0208085 0.270428 0.0181818</e>
        </box>
    </node>
    <node>
        <type>1</type>
        <ID>LegFrontLeft</ID>
        <box>
            <c>0.237251 -0.312465 0.237114</c>
            <x>1 0 0</x>
            <y>0 1 0</y>
            <z>0 0 1</z>
            <e>0.0181365 0.0181365 0.253911</e>
        </box>
    </node>
    <node>
        <type>1</type>
        <ID>LegFrontRight</ID>
        <box>
            <c>-0.231275 -0.312465 0.237114</c>
            <x>1 0 0</x>
            <y>0 1 0</y>
            <z>0 0 1</z>
            <e>0.0181365 0.0181365 0.253911</e>
        </box>
    </node>
    <node>
        <type>2</type>
        <ID>Seat</ID>
        <box>
            <c>0.000884488 -0.108379 0.54684</c>
            <x>1 0 0</x>
            <y>0 1 0</y>
            <z>0 0 1</z>
            <e>0.320624 0.301981 0.0702025</e>
        </box>
    </node>
    <node>
        <type>1</type>
        <ID>SeatBarBack</ID>
        <box>
            <c>0.0029325 0.192336 0.469866</c>
            <x>1 0 0</x>
            <y>0 1 0</y>
            <z>0 0 1</z>
            <e>0.249418 0.0181365 0.0181365</e>
        </box>
    </node>
    <node>
        <type>1</type>
        <ID>SeatBarFront</ID>
        <box>
            <c>0.0029325 -0.312465 0.469866</c>
            <x>1 0 0</x>
            <y>0 1 0</y>
            <z>0 0 1</z>
            <e>0.249418 0.0181365 0.0181365</e>
        </box>
    </node>
    <node>
        <type>1</type>
        <ID>SeatBarLeft</ID>
        <box>
            <c>0.237251 -0.063843 0.469866</c>
            <x>1 0 0</x>
            <y>0 1 0</y>
            <z>0 0 1</z>
            <e>0.0181365 0.266758 0.0181365</e>
        </box>
    </node>
    <node>
        <type>1</type>
        <ID>SeatBarRight</ID>
        <box>
            <c>-0.231275 -0.063843 0.469866</c>
            <x>1 0 0</x>
            <y>0 1 0</y>
            <z>0 0 1</z>
            <e>0.0181365 0.266758 0.0181365</e>
        </box>
    </node>
    <cL>0</cL>
</document>
