<!--?xml Version = "1.0"?-->
<document>
    <cN>12</cN>
    <node>
        <type>2</type>
        <ID>Back</ID>
        <box>
            <c>0.000884503 0.187493 1.01153</c>
            <x>1 0 0</x>
            <y>0 1 0</y>
            <z>0 0 1</z>
            <e>0.30944 0.065485 0.212761</e>
        </box>
    </node>
    <node>
        <type>1</type>
        <ID>BarLeft</ID>
        <box>
            <c>0.237551 0.224755 0.815008</c>
            <x>-0.00149325 0.103933 0.994583</x>
            <y>0.00521561 0.994572 -0.103924</y>
            <z>0.999985 -0.00503217 0.00202722</z>
            <e>0.3314 0.0203354 0.0188695</e>
        </box>
    </node>
    <node>
        <type>1</type>
        <ID>BarRight</ID>
        <box>
            <c>-0.231663 0.224946 0.815484</c>
            <x>-0.0253399 0.0982399 0.99484</x>
            <y>-0.999579 0.0115719 -0.0266033</y>
            <z>0.0141257 0.995095 -0.0979053</z>
            <e>0.331012 0.0270012 0.0191147</e>
        </box>
    </node>
    <node>
        <type>1</type>
        <ID>LegBackLeft</ID>
        <box>
            <c>0.237177 0.259369 0.237396</c>
            <x>-0.999725 -0.022942 -0.00481059</x>
            <y>0.00124224 -0.256786 0.966468</y>
            <z>0.023408 -0.966196 -0.256744</z>
            <e>0.0187018 0.270036 0.0180807</e>
        </box>
    </node>
    <node>
        <type>1</type>
        <ID>LegBackRight</ID>
        <box>
            <c>-0.231178 0.259469 0.237594</c>
            <x>-0.00703023 0.257548 -0.96624</x>
            <y>-0.999972 -0.00414453 0.00617096</y>
            <z>0.0024153 -0.966257 -0.25757</z>
            <e>0.270219 0.0206325 0.0179728</e>
        </box>
    </node>
    <node>
        <type>1</type>
        <ID>LegFrontLeft</ID>
        <box>
            <c>0.236917 -0.312045 0.237062</c>
            <x>0.00307936 0.00026276 -0.999995</x>
            <y>0.999995 -0.000363034 0.00307927</y>
            <z>0.000362223 1 0.000263876</z>
            <e>0.256956 0.019087 0.0185147</e>
        </box>
    </node>
    <node>
        <type>1</type>
        <ID>LegFrontRight</ID>
        <box>
            <c>-0.230989 -0.31265 0.23709</c>
            <x>0.00787607 -0.999968 -0.00152015</x>
            <y>-0.000377151 -0.00152316 0.999999</y>
            <z>0.999969 0.00787548 0.000389136</z>
            <e>0.0186797 0.256856 0.0188082</e>
        </box>
    </node>
    <node>
        <type>2</type>
        <ID>Seat</ID>
        <box>
            <c>0.000884488 -0.108379 0.54684</c>
            <x>1 0 0</x>
            <y>0 1 0</y>
            <z>0 0 1</z>
            <e>0.320624 0.301981 0.0702025</e>
        </box>
    </node>
    <node>
        <type>1</type>
        <ID>SeatBarBack</ID>
        <box>
            <c>0.00298052 0.19246 0.46994</c>
            <x>-0.000181192 0.0145645 -0.999894</x>
            <y>1 0.00028687 -0.000177032</y>
            <z>-0.000284261 0.999894 0.0145645</z>
            <e>0.0187023 0.252472 0.0185507</e>
        </box>
    </node>
    <node>
        <type>1</type>
        <ID>SeatBarFront</ID>
        <box>
            <c>0.00261582 -0.312687 0.469834</c>
            <x>-0.00157848 0.027981 0.999607</x>
            <y>0.999998 -0.00100226 0.00160715</y>
            <z>-0.00104684 -0.999608 0.0279794</z>
            <e>0.018918 0.252231 0.0187826</e>
        </box>
    </node>
    <node>
        <type>1</type>
        <ID>SeatBarLeft</ID>
        <box>
            <c>0.237396 -0.0638538 0.470129</c>
            <x>0.00909916 -0.000829817 0.999958</x>
            <y>-0.000221582 1 0.000831868</y>
            <z>0.999959 0.000229143 -0.00909898</z>
            <e>0.0184805 0.269815 0.0186772</e>
        </box>
    </node>
    <node>
        <type>1</type>
        <ID>SeatBarRight</ID>
        <box>
            <c>-0.231656 -0.0639761 0.469887</c>
            <x>-0.000398883 1 -0.000528785</x>
            <y>-0.00362694 0.000527335 0.999993</y>
            <z>-0.999993 -0.000400798 -0.00362673</z>
            <e>0.269845 0.0188679 0.0184407</e>
        </box>
    </node>
    <cL>0</cL>
</document>
