<!--?xml Version = "1.0"?-->
<document>
    <cN>18</cN>
    <node>
        <type>1</type>
        <ID>SeatBar01</ID>
        <box>
            <c>0.0019755 -0.046888 0.56186</c>
            <x>1.59248e-15 1 -1.76525e-14</x>
            <y>-1 1.59595e-15 2.2946e-08</y>
            <z>2.2946e-08 1.76712e-14 1</z>
            <e>0.0314133 0.314851 0.01178</e>
        </box>
    </node>
    <node>
        <type>1</type>
        <ID>SeatBar02</ID>
        <box>
            <c>0.0019755 -0.133274 0.56186</c>
            <x>0 1 1.23679e-13</x>
            <y>-1 0 2.2946e-08</y>
            <z>2.2946e-08 -1.23698e-13 1</z>
            <e>0.0314135 0.314851 0.01178</e>
        </box>
    </node>
    <node>
        <type>1</type>
        <ID>SeatBar03</ID>
        <box>
            <c>0.0019755 -0.219661 0.56186</c>
            <x>1.49958e-14 1 -1.62537e-13</x>
            <y>-1 1.4988e-14 2.2946e-08</y>
            <z>2.2946e-08 1.62577e-13 1</z>
            <e>0.031413 0.314851 0.01178</e>
        </box>
    </node>
    <node>
        <type>1</type>
        <ID>SeatBar04</ID>
        <box>
            <c>0.0019755 -0.306047 0.56186</c>
            <x>1.4465e-14 1 -1.57319e-13</x>
            <y>-1 1.44884e-14 2.2946e-08</y>
            <z>2.2946e-08 1.57273e-13 1</z>
            <e>0.0314135 0.314851 0.01178</e>
        </box>
    </node>
    <node>
        <type>1</type>
        <ID>SeatBar05</ID>
        <box>
            <c>0.0019755 0.0394985 0.56186</c>
            <x>0 1 1.76525e-14</x>
            <y>-1 6.93889e-18 2.2946e-08</y>
            <z>2.2946e-08 -1.76713e-14 1</z>
            <e>0.0314132 0.314851 0.01178</e>
        </box>
    </node>
    <node>
        <type>1</type>
        <ID>sss11_fixed</ID>
        <box>
            <c>0.0019755 0.290456 0.975971</c>
            <x>4.79681e-13 0.348571 0.937282</x>
            <y>-1 -9.07558e-08 3.37522e-08</y>
            <z>9.68289e-08 -0.937282 0.348571</z>
            <e>0.0314159 0.314851 0.0117804</e>
        </box>
    </node>
    <node>
        <type>1</type>
        <ID>sss12_fixed</ID>
        <box>
            <c>0.0019755 0.260387 0.894985</c>
            <x>-1.09106e-12 0.348575 0.937281</x>
            <y>-1 -9.37251e-08 3.48552e-08</y>
            <z>9.99964e-08 -0.937281 0.348575</z>
            <e>0.0314142 0.314851 0.0117807</e>
        </box>
    </node>
    <node>
        <type>1</type>
        <ID>sss13_fixed</ID>
        <box>
            <c>0.0019755 0.230317 0.814</c>
            <x>-1.14953e-12 0.348574 0.937281</x>
            <y>-1 -1.07829e-07 4.01003e-08</y>
            <z>1.15044e-07 -0.937281 0.348574</z>
            <e>0.0314139 0.314851 0.0117807</e>
        </box>
    </node>
    <node>
        <type>1</type>
        <ID>BarLeft</ID>
        <box>
            <c>0.260613 0.21376 0.775684</c>
            <x>0 0.889249 -0.457423</x>
            <y>0 0.457423 0.889249</y>
            <z>1 0 0</z>
            <e>0.0255083 0.25433 0.0039265</e>
        </box>
    </node>
    <node>
        <type>1</type>
        <ID>BarRight</ID>
        <box>
            <c>-0.264514 0.21376 0.775684</c>
            <x>0 0.889249 -0.457423</x>
            <y>0 0.457423 0.889249</y>
            <z>1 0 0</z>
            <e>0.0255083 0.25433 0.003927</e>
        </box>
    </node>
    <node>
        <type>1</type>
        <ID>Leg01</ID>
        <box>
            <c>0.268466 -0.0794795 0.278299</c>
            <x>0 0.766648 0.642068</x>
            <y>0 -0.642068 0.766648</y>
            <z>1 0 0</z>
            <e>0.00541867 0.373312 0.0039265</e>
        </box>
    </node>
    <node>
        <type>1</type>
        <ID>Leg02</ID>
        <box>
            <c>0.260613 -0.113747 0.278303</c>
            <x>-0.0010324 0.817776 -0.575536</x>
            <y>-0.00113597 -0.575537 -0.817775</y>
            <z>-0.999999 -0.000190476 0.00152315</z>
            <e>0.00867411 0.351829 0.00432125</e>
        </box>
    </node>
    <node>
        <type>1</type>
        <ID>Leg04</ID>
        <box>
            <c>-0.256661 -0.0794795 0.278299</c>
            <x>0 0.766648 0.642068</x>
            <y>0 -0.642068 0.766648</y>
            <z>1 0 0</z>
            <e>0.00541867 0.373312 0.0039265</e>
        </box>
    </node>
    <node>
        <type>1</type>
        <ID>Leg03</ID>
        <box>
            <c>-0.264514 -0.113747 0.278303</c>
            <x>-0.00103262 0.817776 -0.575536</x>
            <y>-0.00113612 -0.575537 -0.817775</y>
            <z>-0.999999 -0.000190577 0.0015234</z>
            <e>0.00867412 0.351828 0.0043218</e>
        </box>
    </node>
    <node>
        <type>1</type>
        <ID>UnderBar03</ID>
        <box>
            <c>0.268466 -0.117284 0.559055</c>
            <x>0 1 -5.55112e-16</x>
            <y>1 0 0</y>
            <z>0 -5.78528e-16 -1</z>
            <e>0.191905 0.0039265 0.0019635</e>
        </box>
    </node>
    <node>
        <type>1</type>
        <ID>UnderBar04</ID>
        <box>
            <c>-0.256661 -0.117285 0.559055</c>
            <x>0 -1 1.11022e-15</x>
            <y>1 0 0</y>
            <z>0 1.15706e-15 1</z>
            <e>0.191904 0.0039265 0.0019635</e>
        </box>
    </node>
    <node>
        <type>1</type>
        <ID>Under01</ID>
        <box>
            <c>-0.00195 -0.225729 0.119683</c>
            <x>1 0 0</x>
            <y>0 0.575648 0.817698</y>
            <z>0 -0.817698 0.575648</z>
            <e>0.258637 0.00392737 0.00196399</e>
        </box>
    </node>
    <node>
        <type>1</type>
        <ID>Under02</ID>
        <box>
            <c>0.005903 0.060608 0.111723</c>
            <x>-1.0864e-10 -0.642142 0.766585</x>
            <y>-1 1.55523e-06 1.30262e-06</y>
            <z>-2.02869e-06 -0.766585 -0.642142</z>
            <e>0.00392734 0.258637 0.00196374</e>
        </box>
    </node>
    <cL>0</cL>
</document>
