<!--?xml Version = "1.0"?-->
<document>
    <cN>20</cN>
    <node>
        <type>2</type>
        <ID>FeetLeft</ID>
        <box>
            <c>1.3687 -1.4494 0.3586</c>
            <x>1 0 0</x>
            <y>0 1 0</y>
            <z>0 0 1</z>
            <e>1 1.2407 0.3586</e>
        </box>
    </node>
    <node>
        <type>2</type>
        <ID>LegBottomRight</ID>
        <box>
            <c>-1.36915 0.011279 1.31071</c>
            <x>-0.0436714 -0.541235 0.839736</x>
            <y>-0.00555207 0.840657 0.54154</y>
            <z>-0.999031 0.0189875 -0.0397177</z>
            <e>0.252226 1.19523 0.130702</e>
        </box>
    </node>
    <node>
        <type>2</type>
        <ID>LegRight</ID>
        <box>
            <c>-1.36435 0.957565 2.56383</c>
            <x>0 -0.902288 0.431133</x>
            <y>0 -0.431133 -0.902288</y>
            <z>1 0 0</z>
            <e>0.289361 1.35601 0.08925</e>
        </box>
    </node>
    <node>
        <type>1</type>
        <ID>HydroRight</ID>
        <box>
            <c>-1.36326 1.30752 2.67891</c>
            <x>0.00251545 0.308001 0.951383</x>
            <y>0.360491 -0.887696 0.28643</y>
            <z>0.932759 0.342245 -0.113265</z>
            <e>0.895424 0.067891 0.0679771</e>
        </box>
    </node>
    <node>
        <type>2</type>
        <ID>Body</ID>
        <box>
            <c>-0.0139782 0.336247 5.20977</c>
            <x>-1 -1.76081e-05 0.00019698</x>
            <y>-3.1225e-17 -0.996028 -0.0890352</y>
            <z>0.000197765 -0.0890352 0.996028</z>
            <e>1.37638 1.64467 0.564156</e>
        </box>
    </node>
    <node>
        <type>2</type>
        <ID>Head</ID>
        <box>
            <c>-0.0028 -0.01675 6.6731</c>
            <x>1 0 0</x>
            <y>0 1 0</y>
            <z>0 0 1</z>
            <e>1.483 1.83335 1.4071</e>
        </box>
    </node>
    <node>
        <type>1</type>
        <ID>GunLeftBottom</ID>
        <box>
            <c>1.5039 -0.8209 6.66085</c>
            <x>-0.811171 0 -0.584809</x>
            <y>1.9297e-06 1 -2.67662e-06</y>
            <z>0.584809 -3.2997e-06 -0.811171</z>
            <e>0.0505862 0.5875 0.0504941</e>
        </box>
    </node>
    <node>
        <type>1</type>
        <ID>GunFrontLeft</ID>
        <box>
            <c>0.129411 -2.35256 6.04918</c>
            <x>-0.000598817 -0.990458 0.137817</x>
            <y>-0.998022 0.00925474 0.0621753</y>
            <z>-0.0628574 -0.137507 -0.988504</z>
            <e>0.537186 0.0596305 0.061744</e>
        </box>
    </node>
    <node>
        <type>1</type>
        <ID>GunFrontRight</ID>
        <box>
            <c>-0.0865271 -2.35256 6.04917</c>
            <x>-0.999559 0.00437196 0.0293718</x>
            <y>-0.000281881 -0.990455 0.137836</y>
            <z>0.029694 0.137767 0.99002</z>
            <e>0.0600399 0.537183 0.0615167</e>
        </box>
    </node>
    <node>
        <type>1</type>
        <ID>GunRightTop</ID>
        <box>
            <c>-1.49963 -0.8226 6.79323</c>
            <x>0.590871 -1.11022e-16 0.806766</x>
            <y>4.24576e-06 -1 -3.10956e-06</y>
            <z>0.806766 5.26268e-06 -0.590871</z>
            <e>0.051433 0.5892 0.0513385</e>
        </box>
    </node>
    <node>
        <type>2</type>
        <ID>ArmRight</ID>
        <box>
            <c>-1.5007 -0.011 6.72775</c>
            <x>0 1.56125e-17 1</x>
            <y>0 -1 8.88178e-16</y>
            <z>1 0 0</z>
            <e>0.12865 0.2512 0.0522</e>
        </box>
    </node>
    <node>
        <type>1</type>
        <ID>GunRightBottom</ID>
        <box>
            <c>-1.4996 -0.8209 6.66085</c>
            <x>-0.937184 0 0.348836</x>
            <y>-1.53819e-06 -1 -4.1325e-06</y>
            <z>0.348836 -4.40948e-06 0.937184</z>
            <e>0.050846 0.5875 0.0501656</e>
        </box>
    </node>
    <node>
        <type>2</type>
        <ID>ThighLeft</ID>
        <box>
            <c>1.36604 0.562952 4.62153</c>
            <x>0.00130932 -0.912031 0.410119</x>
            <y>-0.00617929 0.410104 0.912018</y>
            <z>-0.99998 -0.00372836 -0.00509875</z>
            <e>1.85977 0.510318 0.235075</e>
        </box>
    </node>
    <node>
        <type>2</type>
        <ID>ThighRight</ID>
        <box>
            <c>-1.36602 0.562952 4.62153</c>
            <x>0.00129967 -0.912031 0.410119</x>
            <y>-0.00618141 0.410104 0.912018</y>
            <z>-0.99998 -0.00372044 -0.00510463</z>
            <e>1.85977 0.510319 0.235125</e>
        </box>
    </node>
    <node>
        <type>2</type>
        <ID>LegLeft</ID>
        <box>
            <c>1.3657 0.957565 2.56383</c>
            <x>0 0.902288 -0.431133</x>
            <y>0 0.431133 0.902288</y>
            <z>1 0 0</z>
            <e>0.289361 1.35601 0.0892</e>
        </box>
    </node>
    <node>
        <type>2</type>
        <ID>LegBottomLeft</ID>
        <box>
            <c>1.36461 0.011285 1.31071</c>
            <x>-0.0434783 -0.541231 0.839749</x>
            <y>-0.00549324 0.840661 0.541535</y>
            <z>-0.999039 0.0189321 -0.0395236</z>
            <e>0.252205 1.19523 0.130654</e>
        </box>
    </node>
    <node>
        <type>1</type>
        <ID>HydroLeft</ID>
        <box>
            <c>1.36904 1.3077 2.67885</c>
            <x>0.0019651 0.307585 0.951519</x>
            <y>0.262671 -0.918267 0.296294</y>
            <z>0.964883 0.249355 -0.0825983</z>
            <e>0.895435 0.0668305 0.0687545</e>
        </box>
    </node>
    <node>
        <type>2</type>
        <ID>ArmLeft</ID>
        <box>
            <c>1.505 -0.011 6.72775</c>
            <x>0 1 0</x>
            <y>0 0 1</y>
            <z>1 0 0</z>
            <e>0.2512 0.12865 0.0522</e>
        </box>
    </node>
    <node>
        <type>1</type>
        <ID>GunLeftTop</ID>
        <box>
            <c>1.50393 -0.8226 6.79323</c>
            <x>0.590871 0 -0.806766</x>
            <y>4.24576e-06 1 3.10956e-06</y>
            <z>0.806766 -5.26268e-06 0.590871</z>
            <e>0.051433 0.5892 0.0513385</e>
        </box>
    </node>
    <node>
        <type>2</type>
        <ID>FeetRight</ID>
        <box>
            <c>-1.3604 -1.4494 0.3586</c>
            <x>1 0 0</x>
            <y>0 1 0</y>
            <z>0 0 1</z>
            <e>1 1.2407 0.3586</e>
        </box>
    </node>
    <cL>0</cL>
</document>
