<!--?xml Version = "1.0"?-->
<document>
    <cN>18</cN>
    <node>
        <type>2</type>
        <ID>Gengon001_Elements4</ID>
        <box>
            <c>-9.50627 -5 5.87589</c>
            <x>0.5 0 -0.866025</x>
            <y>0 -1 0</y>
            <z>-0.866025 1.77636e-16 -0.5</z>
            <e>6.47355 5 0.484763</e>
        </box>
    </node>
    <node>
        <type>2</type>
        <ID>Gengon001_Elements3</ID>
        <box>
            <c>-9.50627 -5 16.7231</c>
            <x>0 1 0</x>
            <y>-0.500002 0 -0.866024</y>
            <z>-0.866024 1.77636e-16 0.500002</z>
            <e>5 6.47355 0.48478</e>
        </box>
    </node>
    <node>
        <type>2</type>
        <ID>Gengon001_Elements1</ID>
        <box>
            <c>9.28173 -5 16.7231</c>
            <x>0.5 0 -0.866026</x>
            <y>0 -1 0</y>
            <z>-0.866026 0 -0.5</z>
            <e>6.47353 5 0.484737</e>
        </box>
    </node>
    <node>
        <type>2</type>
        <ID>Gengon001_Elements6</ID>
        <box>
            <c>9.28168 -5 5.8759</c>
            <x>0 1 0</x>
            <y>-0.5 0 -0.866026</y>
            <z>-0.866026 1.06859e-16 0.5</z>
            <e>5 6.47353 0.484753</e>
        </box>
    </node>
    <node>
        <type>2</type>
        <ID>Gengon001_Elements5</ID>
        <box>
            <c>-0.11225 -5 0.45225</c>
            <x>0 1 -1.38778e-17</x>
            <y>-1 0 1.40195e-07</y>
            <z>1.40195e-07 1.11023e-17 1</z>
            <e>5 6.47355 0.484751</e>
        </box>
    </node>
    <node>
        <type>2</type>
        <ID>Gengon001_Elements2</ID>
        <box>
            <c>-0.11225 -5 22.1468</c>
            <x>0 1 0</x>
            <y>-1 0 1.61969e-08</y>
            <z>1.61969e-08 7.10543e-16 1</z>
            <e>5 6.47355 0.48475</e>
        </box>
    </node>
    <node>
        <type>2</type>
        <ID>Gengon001_Elements007</ID>
        <box>
            <c>-9.50627 -5 27.4589</c>
            <x>0.500001 -1.77636e-15 -0.866025</x>
            <y>0 -1 0</y>
            <z>-0.866025 3.55272e-16 -0.500001</z>
            <e>6.47355 5 0.484768</e>
        </box>
    </node>
    <node>
        <type>2</type>
        <ID>Gengon001_Elements008</ID>
        <box>
            <c>-9.50627 -5 38.3061</c>
            <x>0 1 0</x>
            <y>-0.500002 0 -0.866024</y>
            <z>-0.866024 3.55273e-16 0.500002</z>
            <e>5 6.47355 0.48478</e>
        </box>
    </node>
    <node>
        <type>2</type>
        <ID>Gengon001_Elements009</ID>
        <box>
            <c>9.28173 -5 38.3061</c>
            <x>0.5 0 -0.866026</x>
            <y>0 -1 0</y>
            <z>-0.866026 0 -0.5</z>
            <e>6.47353 5 0.484737</e>
        </box>
    </node>
    <node>
        <type>2</type>
        <ID>Gengon001_Elements010</ID>
        <box>
            <c>9.28169 -5 27.4589</c>
            <x>0 1 0</x>
            <y>-0.5 0 -0.866025</y>
            <z>-0.866025 1.77636e-16 0.5</z>
            <e>5 6.47353 0.484753</e>
        </box>
    </node>
    <node>
        <type>2</type>
        <ID>Gengon001_Elements012</ID>
        <box>
            <c>-0.11225 -5 43.7298</c>
            <x>1 0 -1.62051e-08</x>
            <y>4.06758e-14 1 2.52143e-06</y>
            <z>1.62051e-08 -2.52143e-06 1</z>
            <e>6.47355 5 0.484763</e>
        </box>
    </node>
    <node>
        <type>2</type>
        <ID>Gengon001_Elements015</ID>
        <box>
            <c>27.8984 -5 27.5343</c>
            <x>0.5 5.00489e-12 -0.866025</x>
            <y>-1.89107e-06 1 -1.09181e-06</y>
            <z>0.866025 2.18362e-06 0.5</z>
            <e>6.47355 5 0.48478</e>
        </box>
    </node>
    <node>
        <type>2</type>
        <ID>Gengon001_Elements016</ID>
        <box>
            <c>27.8983 -5 16.6871</c>
            <x>9.45533e-07 -1 -5.4591e-07</x>
            <y>-0.5 6.41709e-12 -0.866026</y>
            <z>0.866026 1.09181e-06 -0.5</z>
            <e>5 6.47353 0.484755</e>
        </box>
    </node>
    <node>
        <type>2</type>
        <ID>Gengon001_Elements017</ID>
        <box>
            <c>18.5044 -5 11.2635</c>
            <x>1 0 -2.06386e-06</x>
            <y>5.20473e-12 1 2.52143e-06</y>
            <z>2.06386e-06 -2.52143e-06 1</z>
            <e>6.47355 5 0.48475</e>
        </box>
    </node>
    <node>
        <type>2</type>
        <ID>Gengon001_Elements018</ID>
        <box>
            <c>18.5044 -5 32.958</c>
            <x>0 -1 0</x>
            <y>-1 0 -1.62133e-08</y>
            <z>1.62133e-08 7.10543e-16 -1</z>
            <e>5 6.47355 0.48475</e>
        </box>
    </node>
    <node>
        <type>2</type>
        <ID>Gengon001_Elements019</ID>
        <box>
            <c>-12.4464 -5 32.6982</c>
            <x>0 -1 0</x>
            <y>-1 -8.88178e-16 -1.40195e-07</y>
            <z>1.40195e-07 -7.10543e-16 -1</z>
            <e>5 6.47355 0.484751</e>
        </box>
    </node>
    <node>
        <type>2</type>
        <ID>Gengon001_Elements020</ID>
        <box>
            <c>31.7224 -5 22.0698</c>
            <x>-1 -1.803e-13 8.15447e-08</x>
            <y>1.81188e-13 -1 1.03029e-13</y>
            <z>8.15447e-08 1.03845e-13 1</z>
            <e>6.47355 5 0.484751</e>
        </box>
    </node>
    <node>
        <type>2</type>
        <ID>Gengon001_Elements021</ID>
        <box>
            <c>-12.1122 -5 11.3572</c>
            <x>1 0 0</x>
            <y>0 -1 0</y>
            <z>0 3.55271e-16 -1</z>
            <e>6.47355 5 0.48475</e>
        </box>
    </node>
    <cL>0</cL>
</document>
