<!--?xml Version = "1.0"?-->
<document>
    <cN>19</cN>
    <node>
        <type>1</type>
        <ID>BackBar</ID>
        <box>
            <c>0.008689 0.244139 0.572817</c>
            <x>1 0 0</x>
            <y>0 1 0</y>
            <z>0 0 1</z>
            <e>0.217008 0.0280205 0.024084</e>
        </box>
    </node>
    <node>
        <type>1</type>
        <ID>LegFrontLeft</ID>
        <box>
            <c>0.265686 -0.335596 0.227604</c>
            <x>1 0 0</x>
            <y>0 1 0</y>
            <z>0 0 1</z>
            <e>0.0285845 0.028339 0.248875</e>
        </box>
    </node>
    <node>
        <type>1</type>
        <ID>LegFrontRight</ID>
        <box>
            <c>-0.267861 -0.326524 0.227604</c>
            <x>1 0 0</x>
            <y>0 1 0</y>
            <z>0 0 1</z>
            <e>0.0283395 0.028585 0.248875</e>
        </box>
    </node>
    <node>
        <type>1</type>
        <ID>MiddleBar01</ID>
        <box>
            <c>0.134666 0.275602 0.824301</c>
            <x>0.0158555 0.144615 0.989361</x>
            <y>0.994087 -0.108588 -5.88578e-05</y>
            <z>-0.107424 -0.983512 0.145482</z>
            <e>0.233072 0.0136091 0.011909</e>
        </box>
    </node>
    <node>
        <type>1</type>
        <ID>MiddleBar02</ID>
        <box>
            <c>0.0836965 0.281497 0.823533</c>
            <x>-0.0199803 -0.14412 -0.989358</x>
            <y>-0.998573 0.0518937 0.0126071</y>
            <z>-0.0495245 -0.988199 0.144952</z>
            <e>0.232704 0.0146145 0.0119507</e>
        </box>
    </node>
    <node>
        <type>1</type>
        <ID>MiddleBar03</ID>
        <box>
            <c>0.0336525 0.284538 0.823426</c>
            <x>0.999877 -0.013387 -0.00815966</x>
            <y>-0.0100328 -0.146431 -0.98917</y>
            <z>-0.0120472 -0.98913 0.146547</z>
            <e>0.0142534 0.232215 0.011862</e>
        </box>
    </node>
    <node>
        <type>1</type>
        <ID>MiddleBar04</ID>
        <box>
            <c>-0.0144228 0.287855 0.823533</c>
            <x>-0.00813602 0.120777 0.992646</x>
            <y>-0.999951 0.00453494 -0.00874766</y>
            <z>0.0055581 0.992669 -0.120734</z>
            <e>0.232102 0.0150141 0.0158171</e>
        </box>
    </node>
    <node>
        <type>1</type>
        <ID>MiddleBar05</ID>
        <box>
            <c>-0.0648523 0.28401 0.8234</c>
            <x>-0.998604 -0.0525758 0.00511712</x>
            <y>-0.00265296 0.146665 0.989183</y>
            <z>0.0527575 -0.987788 0.1466</z>
            <e>0.0130726 0.23225 0.0120827</e>
        </box>
    </node>
    <node>
        <type>1</type>
        <ID>MiddleBar06</ID>
        <box>
            <c>-0.115649 0.279905 0.824655</c>
            <x>-0.994135 -0.108 0.00568526</x>
            <y>-0.0101369 0.145389 0.989323</y>
            <z>0.107674 -0.983462 0.145631</z>
            <e>0.0134377 0.233274 0.0119699</e>
        </box>
    </node>
    <node>
        <type>2</type>
        <ID>Seat</ID>
        <box>
            <c>-0.000727504 -0.083148 0.525793</c>
            <x>1 0 0</x>
            <y>0 1 0</y>
            <z>0 0 1</z>
            <e>0.298575 0.28553 0.049314</e>
        </box>
    </node>
    <node>
        <type>1</type>
        <ID>UnderbarBack</ID>
        <box>
            <c>0.008245 0.210509 0.354114</c>
            <x>1 0 0</x>
            <y>0 1 0</y>
            <z>0 0 1</z>
            <e>0.216938 0.015824 0.027318</e>
        </box>
    </node>
    <node>
        <type>1</type>
        <ID>UnderbarFront</ID>
        <box>
            <c>-0.001456 -0.34523 0.348044</c>
            <x>1 0 0</x>
            <y>0 1 0</y>
            <z>0 0 1</z>
            <e>0.239012 0.0162085 0.0333885</e>
        </box>
    </node>
    <node>
        <type>1</type>
        <ID>BarLeft</ID>
        <box>
            <c>0.241707 0.265505 0.819557</c>
            <x>0.0088662 0.148558 0.988864</x>
            <y>0.999865 -0.0150035 -0.00671084</y>
            <z>-0.0138395 -0.98879 0.148671</z>
            <e>0.35301 0.0187105 0.0407491</e>
        </box>
    </node>
    <node>
        <type>1</type>
        <ID>BarRight</ID>
        <box>
            <c>-0.223472 0.276525 0.818311</c>
            <x>-0.00335135 -0.165971 -0.986125</x>
            <y>-0.0126924 -0.986044 0.166001</y>
            <z>0.999914 -0.0130726 -0.00119802</z>
            <e>0.353358 0.0441244 0.0170164</e>
        </box>
    </node>
    <node>
        <type>1</type>
        <ID>LegBackLeft</ID>
        <box>
            <c>0.241696 0.247401 0.233425</c>
            <x>0.00199785 0.118576 -0.992943</x>
            <y>-0.999879 0.0155388 -0.000156183</y>
            <z>0.0154106 0.992823 0.118593</z>
            <e>0.263395 0.0169064 0.0433403</e>
        </box>
    </node>
    <node>
        <type>1</type>
        <ID>LegBackRight</ID>
        <box>
            <c>-0.223737 0.252502 0.233894</c>
            <x>-0.00558973 0.100915 -0.994879</x>
            <y>-0.999866 0.0147368 0.00711255</y>
            <z>-0.0153791 -0.994786 -0.100819</z>
            <e>0.263404 0.0183906 0.0412421</e>
        </box>
    </node>
    <node>
        <type>1</type>
        <ID>Back</ID>
        <box>
            <c>0.0101945 0.330087 1.09516</c>
            <x>1 0 0</x>
            <y>0 1 0</y>
            <z>0 0 1</z>
            <e>0.217174 0.0371425 0.050825</e>
        </box>
    </node>
    <node>
        <type>1</type>
        <ID>UnderbarLeft</ID>
        <box>
            <c>0.261945 -0.0573521 0.347967</c>
            <x>-0.0723076 0.997382 9.65422e-05</x>
            <y>0.00097882 -2.58336e-05 1</y>
            <z>-0.997382 -0.0723077 0.00097439</z>
            <e>0.255531 0.0342528 0.0127227</e>
        </box>
    </node>
    <node>
        <type>1</type>
        <ID>UnderbarRight</ID>
        <box>
            <c>-0.255337 -0.0479786 0.34809</c>
            <x>-0.106296 -0.994182 -0.0174432</x>
            <y>-0.017514 0.0194119 -0.999658</y>
            <z>-0.99418 0.105954 0.0194755</z>
            <e>0.256021 0.0383707 0.0126974</e>
        </box>
    </node>
    <cL>0</cL>
</document>
