<!--?xml Version = "1.0"?-->
<document>
    <cN>19</cN>
    <node>
        <type>2</type>
        <ID>Back</ID>
        <box>
            <c>0.0104482 0.331308 1.09541</c>
            <x>0.999667 -0.0256118 0.00326211</x>
            <y>-0.0256028 -0.967061 0.253256</y>
            <z>0.00333168 0.253255 0.967394</z>
            <e>0.219176 0.025223 0.047267</e>
        </box>
    </node>
    <node>
        <type>1</type>
        <ID>BackBar</ID>
        <box>
            <c>0.0086629 0.244618 0.572843</c>
            <x>0.00382197 0.00216013 -0.99999</x>
            <y>-0.00484044 -0.999986 -0.00217862</y>
            <z>0.999981 -0.00484872 0.00381146</z>
            <e>0.0256242 0.0279544 0.218868</e>
        </box>
    </node>
    <node>
        <type>1</type>
        <ID>BarLeft</ID>
        <box>
            <c>0.242321 0.268215 0.818908</c>
            <x>-2.65349e-05 -0.130272 -0.991478</x>
            <y>0.999831 -0.0182454 0.00237053</y>
            <z>0.0183988 0.99131 -0.13025</z>
            <e>0.353195 0.0176469 0.0443584</e>
        </box>
    </node>
    <node>
        <type>1</type>
        <ID>BarRight</ID>
        <box>
            <c>-0.223483 0.27404 0.81979</c>
            <x>-0.999743 0.0195376 0.0115028</x>
            <y>0.0142432 0.146488 0.98911</y>
            <z>-0.0176398 -0.989019 0.146729</z>
            <e>0.020824 0.352879 0.0411516</e>
        </box>
    </node>
    <node>
        <type>1</type>
        <ID>LegBackLeft</ID>
        <box>
            <c>0.241207 0.246347 0.234349</c>
            <x>-0.0113363 -0.0817087 0.996592</x>
            <y>-0.998914 0.0459742 -0.00759337</y>
            <z>0.0451971 0.995595 0.0821412</z>
            <e>0.263337 0.0201195 0.0435626</e>
        </box>
    </node>
    <node>
        <type>1</type>
        <ID>LegBackRight</ID>
        <box>
            <c>-0.223118 0.252362 0.233891</c>
            <x>-0.02968 -0.0996337 0.994581</x>
            <y>0.999346 -0.023508 0.0274672</y>
            <z>-0.020644 -0.994746 -0.100266</z>
            <e>0.262922 0.022807 0.0409256</e>
        </box>
    </node>
    <node>
        <type>1</type>
        <ID>LegFrontLeft</ID>
        <box>
            <c>0.26553 -0.338065 0.227445</c>
            <x>-0.00211781 -0.00867179 0.99996</x>
            <y>0.0369286 0.99928 0.0087441</y>
            <z>0.999316 -0.0369456 0.00179605</z>
            <e>0.251819 0.0295225 0.0287821</e>
        </box>
    </node>
    <node>
        <type>1</type>
        <ID>LegFrontRight</ID>
        <box>
            <c>-0.268184 -0.326174 0.227599</c>
            <x>-0.00776849 -0.99997 -0.000638419</x>
            <y>0.00039468 0.000635372 -1</y>
            <z>-0.99997 0.00776874 -0.000389732</z>
            <e>0.0289024 0.251603 0.0287549</e>
        </box>
    </node>
    <node>
        <type>1</type>
        <ID>MiddleBar01</ID>
        <box>
            <c>0.13472 0.27592 0.824329</c>
            <x>0.0189924 0.14898 0.988658</x>
            <y>-0.99301 0.11802 0.00129169</y>
            <z>0.116489 0.981772 -0.15018</z>
            <e>0.232694 0.0130071 0.011976</e>
        </box>
    </node>
    <node>
        <type>1</type>
        <ID>MiddleBar02</ID>
        <box>
            <c>0.0840281 0.282349 0.823772</c>
            <x>0.00688157 0.141195 0.989958</x>
            <y>-0.997763 0.0668069 -0.00259269</y>
            <z>0.0665021 0.987725 -0.141339</z>
            <e>0.232163 0.0132062 0.0124867</e>
        </box>
    </node>
    <node>
        <type>1</type>
        <ID>MiddleBar03</ID>
        <box>
            <c>0.0338368 0.285387 0.823231</c>
            <x>-0.00288089 0.152263 0.988336</x>
            <y>-0.0342417 0.987745 -0.152272</y>
            <z>0.999409 0.034281 -0.00236816</z>
            <e>0.23209 0.0133233 0.0134341</e>
        </box>
    </node>
    <node>
        <type>1</type>
        <ID>MiddleBar04</ID>
        <box>
            <c>-0.0142781 0.285243 0.823646</c>
            <x>0.999655 -0.025137 0.00755491</x>
            <y>0.00385055 -0.144273 -0.98953</y>
            <z>-0.0259638 -0.989219 0.144126</z>
            <e>0.0138258 0.231728 0.0119533</e>
        </box>
    </node>
    <node>
        <type>1</type>
        <ID>MiddleBar05</ID>
        <box>
            <c>-0.0645919 0.28432 0.823493</c>
            <x>0.0136359 0.147061 0.989034</x>
            <y>0.999099 0.037755 -0.0193885</y>
            <z>0.0401922 -0.988407 0.146413</z>
            <e>0.232547 0.0166219 0.0120192</e>
        </box>
    </node>
    <node>
        <type>1</type>
        <ID>MiddleBar06</ID>
        <box>
            <c>-0.115432 0.280781 0.824389</c>
            <x>-0.0167992 0.151866 0.988258</x>
            <y>-0.0375834 0.987603 -0.152404</y>
            <z>0.999152 0.0397024 0.0108834</z>
            <e>0.233047 0.0132797 0.0129871</e>
        </box>
    </node>
    <node>
        <type>2</type>
        <ID>Seat</ID>
        <box>
            <c>0.00382861 -0.0820129 0.519873</c>
            <x>0.999803 -0.0154638 -0.0124644</x>
            <y>-0.0128223 -0.0232647 -0.999647</y>
            <z>-0.0151684 -0.99961 0.0234584</z>
            <e>0.302252 0.0549216 0.284253</e>
        </box>
    </node>
    <node>
        <type>1</type>
        <ID>UnderbarBack</ID>
        <box>
            <c>0.00796331 0.210512 0.354363</c>
            <x>0.999775 -0.0178618 0.0114503</x>
            <y>-0.0114117 0.00226155 0.999932</y>
            <z>0.0178865 0.999838 -0.00205721</z>
            <e>0.219342 0.030406 0.0124975</e>
        </box>
    </node>
    <node>
        <type>1</type>
        <ID>UnderbarFront</ID>
        <box>
            <c>-0.00140326 -0.345462 0.348276</c>
            <x>0.000967308 -0.00297097 -0.999995</x>
            <y>-0.999836 0.0180791 -0.00102087</y>
            <z>-0.018082 -0.999832 0.002953</z>
            <e>0.0339245 0.241798 0.0123596</e>
        </box>
    </node>
    <node>
        <type>1</type>
        <ID>UnderbarLeft</ID>
        <box>
            <c>0.262328 -0.0568966 0.347767</c>
            <x>-0.0723925 0.997372 -0.00277521</x>
            <y>0.00513835 -0.00240952 -0.999984</y>
            <z>0.997363 0.0724056 0.00495042</z>
            <e>0.255725 0.0343501 0.012528</e>
        </box>
    </node>
    <node>
        <type>1</type>
        <ID>UnderbarRight</ID>
        <box>
            <c>-0.25475 -0.0481116 0.348022</c>
            <x>-0.0647849 0.00625442 0.99788</x>
            <y>0.105653 0.994403 0.000626662</y>
            <z>0.99229 -0.10547 0.0650831</z>
            <e>0.034586 0.255666 0.0142711</e>
        </box>
    </node>
    <cL>0</cL>
</document>
