<!--?xml Version = "1.0"?-->
<document>
    <cN>19</cN>
    <node>
        <type>1</type>
        <ID>BackBar</ID>
        <box>
            <c>0.0084876 0.245315 0.57279</c>
            <x>0.999952 -0.00976182 -0.000204456</x>
            <y>0.00976122 0.999949 -0.00274757</y>
            <z>-0.000231267 -0.00274544 -0.999996</z>
            <e>0.219245 0.0272344 0.024864</e>
        </box>
    </node>
    <node>
        <type>1</type>
        <ID>BarLeft</ID>
        <box>
            <c>0.241871 0.265923 0.819774</c>
            <x>0.00436503 0.148121 0.98896</x>
            <y>0.999032 -0.0439316 0.00217034</y>
            <z>-0.0437681 -0.987993 0.148169</z>
            <e>0.352998 0.0181916 0.0405197</e>
        </box>
    </node>
    <node>
        <type>1</type>
        <ID>BarRight</ID>
        <box>
            <c>-0.223505 0.274079 0.819175</c>
            <x>-0.999735 0.0214164 0.00844232</x>
            <y>0.0114787 0.14588 0.989236</y>
            <z>-0.0199543 -0.98907 0.146087</z>
            <e>0.0201713 0.353711 0.0408208</e>
        </box>
    </node>
    <node>
        <type>1</type>
        <ID>LegBackLeft</ID>
        <box>
            <c>0.241538 0.244131 0.23389</c>
            <x>0.0285498 0.0980382 -0.994773</x>
            <y>-0.999205 0.0305111 -0.02567</y>
            <z>-0.027835 -0.994715 -0.0988313</z>
            <e>0.262976 0.0230448 0.0411905</e>
        </box>
    </node>
    <node>
        <type>1</type>
        <ID>LegBackRight</ID>
        <box>
            <c>-0.223863 0.253428 0.233886</c>
            <x>-0.00521819 0.104062 -0.994557</x>
            <y>0.999491 -0.0307532 -0.00846183</y>
            <z>0.0314664 0.994095 0.103848</z>
            <e>0.262943 0.0183245 0.0410106</e>
        </box>
    </node>
    <node>
        <type>1</type>
        <ID>LegFrontLeft</ID>
        <box>
            <c>0.2655 -0.335341 0.227578</c>
            <x>0.000564909 0.00126975 0.999999</x>
            <y>-0.999974 -0.00717163 0.000574001</y>
            <z>-0.00717235 0.999973 -0.00126567</z>
            <e>0.251728 0.0296106 0.0288197</e>
        </box>
    </node>
    <node>
        <type>1</type>
        <ID>LegFrontRight</ID>
        <box>
            <c>-0.267735 -0.326349 0.227682</c>
            <x>-0.00244101 -0.000321456 0.999997</x>
            <y>-0.999965 0.0080516 -0.00243834</y>
            <z>0.00805079 0.999968 0.000341099</z>
            <e>0.251746 0.0294363 0.0287729</e>
        </box>
    </node>
    <node>
        <type>1</type>
        <ID>MiddleBar01</ID>
        <box>
            <c>0.134605 0.275676 0.825058</c>
            <x>0.0429849 0.141987 0.988935</x>
            <y>0.990056 -0.138764 -0.0231104</y>
            <z>-0.133947 -0.980094 0.14654</z>
            <e>0.233306 0.0178479 0.011655</e>
        </box>
    </node>
    <node>
        <type>1</type>
        <ID>MiddleBar02</ID>
        <box>
            <c>0.0840623 0.283038 0.823852</c>
            <x>0.00484676 0.129285 0.991596</x>
            <y>-0.997561 0.0696775 -0.0042087</y>
            <z>0.069636 0.989156 -0.129307</z>
            <e>0.231977 0.0137508 0.0142854</e>
        </box>
    </node>
    <node>
        <type>1</type>
        <ID>MiddleBar03</ID>
        <box>
            <c>0.0335355 0.285829 0.823377</c>
            <x>0.0239239 0.130054 0.991218</x>
            <y>-0.999085 0.0382728 0.0190921</y>
            <z>0.0354537 0.990768 -0.13085</z>
            <e>0.232146 0.0174087 0.013864</e>
        </box>
    </node>
    <node>
        <type>1</type>
        <ID>MiddleBar04</ID>
        <box>
            <c>-0.0143983 0.285801 0.822957</c>
            <x>0.0313887 0.148107 0.988473</x>
            <y>-0.999263 0.0265253 0.0277569</y>
            <z>0.0221085 0.988616 -0.14883</z>
            <e>0.231969 0.0189324 0.0123475</e>
        </box>
    </node>
    <node>
        <type>1</type>
        <ID>MiddleBar05</ID>
        <box>
            <c>-0.0645552 0.283944 0.823815</c>
            <x>0.00166275 0.146787 0.989167</x>
            <y>0.997808 0.0652017 -0.0113529</y>
            <z>0.0661618 -0.987017 0.146357</z>
            <e>0.232506 0.0143679 0.0121031</e>
        </box>
    </node>
    <node>
        <type>1</type>
        <ID>MiddleBar06</ID>
        <box>
            <c>-0.116036 0.279839 0.82453</c>
            <x>-0.996251 -0.0831365 0.02394</x>
            <y>0.0114334 0.147769 0.988956</y>
            <z>0.0857559 -0.985521 0.146265</z>
            <e>0.0185776 0.233169 0.0120305</e>
        </box>
    </node>
    <node>
        <type>2</type>
        <ID>Seat</ID>
        <box>
            <c>-0.000727504 -0.083148 0.525793</c>
            <x>1 0 0</x>
            <y>0 1 0</y>
            <z>0 0 1</z>
            <e>0.298575 0.28553 0.049314</e>
        </box>
    </node>
    <node>
        <type>1</type>
        <ID>UnderbarBack</ID>
        <box>
            <c>0.00837778 0.210592 0.353831</c>
            <x>0.00219387 0.0106603 0.999941</x>
            <y>-0.999867 0.0161832 0.00202118</y>
            <z>0.0161607 0.999812 -0.0106944</z>
            <e>0.0280822 0.21934 0.0126109</e>
        </box>
    </node>
    <node>
        <type>1</type>
        <ID>UnderbarFront</ID>
        <box>
            <c>-0.00153343 -0.34504 0.348245</c>
            <x>0.000155466 -0.0123802 -0.999923</x>
            <y>0.999845 -0.0176015 0.000373381</y>
            <z>0.0176048 0.999768 -0.0123756</z>
            <e>0.034059 0.241715 0.0126172</e>
        </box>
    </node>
    <node>
        <type>1</type>
        <ID>UnderbarLeft</ID>
        <box>
            <c>0.262544 -0.057089 0.348354</c>
            <x>0.997543 0.0696807 -0.00721177</x>
            <y>0.069676 -0.997569 -0.00090024</y>
            <z>0.00725697 -0.00039554 0.999974</z>
            <e>0.0129261 0.255607 0.0342716</e>
        </box>
    </node>
    <node>
        <type>1</type>
        <ID>UnderbarRight</ID>
        <box>
            <c>-0.254545 -0.0480354 0.348427</c>
            <x>-0.107006 -0.994249 0.00432928</x>
            <y>-0.0503566 0.00976821 0.998684</y>
            <z>0.992982 -0.106647 0.0511123</z>
            <e>0.255532 0.0352534 0.0138844</e>
        </box>
    </node>
    <node>
        <type>1</type>
        <ID>Back</ID>
        <box>
            <c>0.0102803 0.331742 1.09526</c>
            <x>0.999797 -0.0200304 0.00219876</x>
            <y>-0.0199138 -0.965456 0.259802</y>
            <z>0.00308115 0.259793 0.965659</z>
            <e>0.219424 0.0246097 0.0473376</e>
        </box>
    </node>
    <cL>0</cL>
</document>
