<!--?xml Version = "1.0"?-->
<document>
    <cN>18</cN>
    <node>
        <type>1</type>
        <ID>Line002</ID>
        <box>
            <c>254.5 -6.03125 120</c>
            <x>0 8.88178e-16 1</x>
            <y>0 -1 0</y>
            <z>1 0 0</z>
            <e>10 56.6026 7.5</e>
        </box>
    </node>
    <node>
        <type>1</type>
        <ID>Line003</ID>
        <box>
            <c>254.5 54.3976 184.913</c>
            <x>0 -0.173247 -0.984878</x>
            <y>1 0 0</y>
            <z>0 -0.984878 0.173247</z>
            <e>56.767 7.5 5.74514</e>
        </box>
    </node>
    <node>
        <type>1</type>
        <ID>Line004</ID>
        <box>
            <c>83.112 -6.03125 120</c>
            <x>0 -8.88178e-16 -1</x>
            <y>0 1 0</y>
            <z>1 0 0</z>
            <e>10 56.6026 7.5</e>
        </box>
    </node>
    <node>
        <type>1</type>
        <ID>Line005</ID>
        <box>
            <c>83.1119 54.3976 184.913</c>
            <x>0 -0.173247 -0.984878</x>
            <y>1 0 0</y>
            <z>0 -0.984878 0.173247</z>
            <e>56.767 7.5 5.74514</e>
        </box>
    </node>
    <node>
        <type>1</type>
        <ID>Line006</ID>
        <box>
            <c>-79.2283 -6.03125 120</c>
            <x>0 -8.88178e-16 -1</x>
            <y>0 1 0</y>
            <z>1 0 0</z>
            <e>10 56.6026 7.5</e>
        </box>
    </node>
    <node>
        <type>1</type>
        <ID>Line007</ID>
        <box>
            <c>-79.2284 54.3976 184.913</c>
            <x>0 -0.173247 -0.984878</x>
            <y>1 0 0</y>
            <z>0 -0.984878 0.173247</z>
            <e>56.767 7.5 5.74514</e>
        </box>
    </node>
    <node>
        <type>1</type>
        <ID>Line008</ID>
        <box>
            <c>-254.136 -6.03125 120</c>
            <x>0 -8.88178e-16 -1</x>
            <y>0 1 0</y>
            <z>1 0 0</z>
            <e>10 56.6026 7.5</e>
        </box>
    </node>
    <node>
        <type>1</type>
        <ID>Line009</ID>
        <box>
            <c>-253.787 54.3976 184.913</c>
            <x>0 -0.173247 -0.984878</x>
            <y>1 0 0</y>
            <z>0 -0.984878 0.173247</z>
            <e>56.767 7.5 5.74514</e>
        </box>
    </node>
    <node>
        <type>1</type>
        <ID>Leg04_Elements8</ID>
        <box>
            <c>-255.001 54.3391 55.2683</c>
            <x>-1.15578e-05 0.172783 -0.98496</x>
            <y>-1 0 1.17343e-05</y>
            <z>2.02749e-06 0.98496 0.172783</z>
            <e>56.5753 7.5 5.74563</e>
        </box>
    </node>
    <node>
        <type>1</type>
        <ID>Leg04_Elements7</ID>
        <box>
            <c>-255 -61.5007 55.1267</c>
            <x>-1 7.74994e-06 -6.5477e-07</x>
            <y>0 0.0841872 0.99645</y>
            <z>7.77755e-06 0.99645 -0.0841872</z>
            <e>7.50004 55.5544 5.74878</e>
        </box>
    </node>
    <node>
        <type>1</type>
        <ID>Leg04_Elements6</ID>
        <box>
            <c>-79.2284 54.3391 55.2683</c>
            <x>0 -0.172783 0.98496</x>
            <y>1 0 0</y>
            <z>0 0.98496 0.172783</z>
            <e>56.5752 7.5 5.74562</e>
        </box>
    </node>
    <node>
        <type>1</type>
        <ID>Leg04_Elements5</ID>
        <box>
            <c>-79.2284 -61.5007 55.1267</c>
            <x>0 -0.0841872 -0.99645</x>
            <y>-1 5.62104e-06 -4.74905e-07</y>
            <z>5.64106e-06 0.99645 -0.0841872</z>
            <e>55.5544 7.50003 5.74877</e>
        </box>
    </node>
    <node>
        <type>1</type>
        <ID>Leg04_Elements4</ID>
        <box>
            <c>83.1118 54.3391 55.2684</c>
            <x>-1 0 1.10947e-06</x>
            <y>-1.09278e-06 0.172783 -0.98496</y>
            <z>-1.91698e-07 -0.98496 -0.172783</z>
            <e>7.5 56.5753 5.74562</e>
        </box>
    </node>
    <node>
        <type>1</type>
        <ID>Leg04_Elements3</ID>
        <box>
            <c>83.1119 -61.5007 55.1268</c>
            <x>-1 -4.70711e-08 3.97689e-09</x>
            <y>0 -0.0841869 -0.99645</y>
            <z>4.72388e-08 -0.99645 0.0841869</z>
            <e>7.5 55.5544 5.74877</e>
        </box>
    </node>
    <node>
        <type>1</type>
        <ID>Leg04_Elements2</ID>
        <box>
            <c>254.378 54.3391 55.2684</c>
            <x>-1 0 -5.54728e-07</x>
            <y>-5.46385e-07 -0.172783 0.98496</y>
            <z>-9.58478e-08 0.98496 0.172783</z>
            <e>7.5 56.5753 5.74562</e>
        </box>
    </node>
    <node>
        <type>1</type>
        <ID>Leg04_Elements1</ID>
        <box>
            <c>254.68 -61.5007 55.1268</c>
            <x>0 0.0841869 0.99645</x>
            <y>1 0 0</y>
            <z>0 0.99645 -0.0841869</z>
            <e>55.5544 7.5 5.74877</e>
        </box>
    </node>
    <node>
        <type>2</type>
        <ID>back01</ID>
        <box>
            <c>-1.02914e-14 48.7317 193.33</c>
            <x>-3.8571e-07 0.180576 0.983561</x>
            <y>1 -8.04858e-08 4.06934e-07</y>
            <z>1.52645e-07 0.983561 -0.180576</z>
            <e>47.3845 255 2.34944</e>
        </box>
    </node>
    <node>
        <type>2</type>
        <ID>seat07</ID>
        <box>
            <c>-1.06708e-13 -12.618 131.366</c>
            <x>1 -5.88235e-07 0</x>
            <y>5.88235e-07 1 0</y>
            <z>0 0 1</z>
            <e>255 48.1439 2.3403</e>
        </box>
    </node>
    <cL>0</cL>
</document>
