<!--?xml Version = "1.0"?-->
<document>
    <cN>21</cN>
    <node>
        <type>1</type>
        <ID>Box001</ID>
        <box>
            <c>0 0 0.5</c>
            <x>1 0 0</x>
            <y>0 1 0</y>
            <z>0 0 1</z>
            <e>30 5 0.5</e>
        </box>
    </node>
    <node>
        <type>1</type>
        <ID>Box002</ID>
        <box>
            <c>-5 0 10.3822</c>
            <x>1 0 0</x>
            <y>0 1 0</y>
            <z>0 0 1</z>
            <e>30 5 0.5</e>
        </box>
    </node>
    <node>
        <type>1</type>
        <ID>Box003</ID>
        <box>
            <c>-2.5 0 20.5</c>
            <x>1 0 0</x>
            <y>0 1 0</y>
            <z>0 0 1</z>
            <e>30 5 0.5</e>
        </box>
    </node>
    <node>
        <type>1</type>
        <ID>Box004</ID>
        <box>
            <c>0 0 30.5</c>
            <x>1 0 0</x>
            <y>0 1 0</y>
            <z>0 0 1</z>
            <e>30 5 0.5</e>
        </box>
    </node>
    <node>
        <type>1</type>
        <ID>Box005</ID>
        <box>
            <c>-2.5 0 40.5</c>
            <x>1 0 0</x>
            <y>0 1 0</y>
            <z>0 0 1</z>
            <e>30 5 0.5</e>
        </box>
    </node>
    <node>
        <type>1</type>
        <ID>Box006</ID>
        <box>
            <c>0 0 50.5</c>
            <x>1 0 0</x>
            <y>0 1 0</y>
            <z>0 0 1</z>
            <e>30 3 0.5</e>
        </box>
    </node>
    <node>
        <type>2</type>
        <ID>Box007</ID>
        <box>
            <c>18.5284 1.77636e-15 5.71625</c>
            <x>0 -1 0</x>
            <y>-0.342017 0 0.939694</y>
            <z>-0.939694 0 -0.342017</z>
            <e>6 5.99999 0.249977</e>
        </box>
    </node>
    <node>
        <type>2</type>
        <ID>Box008</ID>
        <box>
            <c>-1.36323 0 5.71626</c>
            <x>0 -1 0</x>
            <y>-0.342021 0 0.939692</y>
            <z>-0.939692 0 -0.342021</z>
            <e>6 6 0.250024</e>
        </box>
    </node>
    <node>
        <type>2</type>
        <ID>Box009</ID>
        <box>
            <c>-23.66 -1.80168e-15 5.71626</c>
            <x>0 1 0</x>
            <y>-0.342021 -6.99049e-22 -0.939692</y>
            <z>-0.939692 -1.01259e-16 0.342021</z>
            <e>6 6 0.250024</e>
        </box>
    </node>
    <node>
        <type>2</type>
        <ID>Box010</ID>
        <box>
            <c>-1.36324 2.30635e-11 25.5</c>
            <x>-6.70733e-07 -1 -2.44126e-07</x>
            <y>-0.342019 8.32667e-17 0.939693</y>
            <z>-0.939693 7.13779e-07 -0.342019</z>
            <e>6 6.00005 0.250041</e>
        </box>
    </node>
    <node>
        <type>2</type>
        <ID>Box011</ID>
        <box>
            <c>18.5284 -3.05623e-12 25.5</c>
            <x>-6.70726e-07 -1 -2.44121e-07</x>
            <y>-0.342015 -5.55112e-17 0.939694</y>
            <z>-0.939694 7.13771e-07 -0.342015</z>
            <e>6 6.00004 0.249994</e>
        </box>
    </node>
    <node>
        <type>2</type>
        <ID>Box012</ID>
        <box>
            <c>-21.5901 -3.05562e-12 25.5</c>
            <x>-6.70733e-07 -1 -2.44126e-07</x>
            <y>-0.342019 0 0.939693</y>
            <z>-0.939693 7.13779e-07 -0.342019</z>
            <e>6 6.00005 0.250041</e>
        </box>
    </node>
    <node>
        <type>2</type>
        <ID>Box013</ID>
        <box>
            <c>-29.0518 -3.24714e-11 15.5</c>
            <x>-1.34147e-06 1 4.88254e-07</x>
            <y>-0.34202 5.55112e-17 -0.939693</y>
            <z>-0.939693 -1.42756e-06 0.34202</z>
            <e>6 6.00005 0.250041</e>
        </box>
    </node>
    <node>
        <type>2</type>
        <ID>Box014</ID>
        <box>
            <c>-11.4944 -3.2471e-11 15.5</c>
            <x>-1.34147e-06 1 4.88261e-07</x>
            <y>-0.34202 7.80509e-12 -0.939693</y>
            <z>-0.939693 -1.42756e-06 0.34202</z>
            <e>6 6.00005 0.250041</e>
        </box>
    </node>
    <node>
        <type>2</type>
        <ID>Box015</ID>
        <box>
            <c>8.27307 -3.46037e-11 15.5</c>
            <x>-1.34147e-06 1 4.88254e-07</x>
            <y>-0.34202 0 -0.939693</y>
            <z>-0.939693 -1.42756e-06 0.34202</z>
            <e>6 6.00005 0.250041</e>
        </box>
    </node>
    <node>
        <type>2</type>
        <ID>Box016</ID>
        <box>
            <c>-15.4534 7.41441e-12 35.5</c>
            <x>-6.70733e-07 1 2.44126e-07</x>
            <y>-0.342019 0 -0.939693</y>
            <z>-0.939693 -7.13779e-07 0.342019</z>
            <e>6 6.00005 0.250028</e>
        </box>
    </node>
    <node>
        <type>2</type>
        <ID>Box017</ID>
        <box>
            <c>5.15846 -2.26778e-11 35.5</c>
            <x>-6.70732e-07 -1 -2.4413e-07</x>
            <y>-0.342019 -4.35374e-12 0.939693</y>
            <z>-0.939693 7.13779e-07 -0.342019</z>
            <e>6 6.00005 0.250041</e>
        </box>
    </node>
    <node>
        <type>2</type>
        <ID>Box018</ID>
        <box>
            <c>23.6298 -3.05825e-12 35.5</c>
            <x>-6.70726e-07 -1 -2.44121e-07</x>
            <y>-0.342015 5.55112e-17 0.939694</y>
            <z>-0.939694 7.13771e-07 -0.342015</z>
            <e>6 6.00004 0.249994</e>
        </box>
    </node>
    <node>
        <type>2</type>
        <ID>Box019</ID>
        <box>
            <c>15.0464 -2.26782e-11 45.5</c>
            <x>-6.70733e-07 1 2.44126e-07</x>
            <y>-0.342019 2.77556e-17 -0.939693</y>
            <z>-0.939693 -7.13779e-07 0.342019</z>
            <e>6 6.00005 0.250041</e>
        </box>
    </node>
    <node>
        <type>2</type>
        <ID>Box020</ID>
        <box>
            <c>-3.37202 7.41406e-12 45.5</c>
            <x>-6.70733e-07 1 2.44126e-07</x>
            <y>-0.342019 0 -0.939693</y>
            <z>-0.939693 -7.13779e-07 0.342019</z>
            <e>6 6.00005 0.250028</e>
        </box>
    </node>
    <node>
        <type>2</type>
        <ID>Box021</ID>
        <box>
            <c>-21.4205 7.41419e-12 45.5</c>
            <x>-6.70733e-07 1 2.44126e-07</x>
            <y>-0.342019 -5.55112e-17 -0.939693</y>
            <z>-0.939693 -7.13779e-07 0.342019</z>
            <e>6 6.00005 0.250028</e>
        </box>
    </node>
    <cL>0</cL>
</document>
