<!--?xml Version = "1.0"?-->
<document>
    <cN>8</cN>
    <node>
        <type>2</type>
        <ID>BackLeft</ID>
        <box>
            <c>0.185213 0.268726 0.740519</c>
            <x>0.00125357 0.316883 0.948464</x>
            <y>-0.444931 0.849588 -0.283261</y>
            <z>0.895564 0.421646 -0.142056</z>
            <e>0.225683 0.00884024 0.00857486</e>
        </box>
    </node>
    <node>
        <type>1</type>
        <ID>BackLegLeft</ID>
        <box>
            <c>0.269282 0.168598 0.263008</c>
            <x>-0.00219288 -0.122201 0.992503</x>
            <y>0.0711879 0.989968 0.122046</y>
            <z>0.997461 -0.0709218 -0.00652836</z>
            <e>0.285724 0.00877392 0.00904984</e>
        </box>
    </node>
    <node>
        <type>1</type>
        <ID>BackLegRight</ID>
        <box>
            <c>-0.267308 0.168312 0.263085</c>
            <x>-0.234543 0.964802 0.11894</x>
            <y>-0.00104475 0.122103 -0.992517</y>
            <z>0.972105 0.232912 0.0276304</z>
            <e>0.00898137 0.285749 0.00901778</e>
        </box>
    </node>
    <node>
        <type>2</type>
        <ID>BackRight</ID>
        <box>
            <c>-0.185339 0.268454 0.740427</c>
            <x>-0.000276017 -0.313576 -0.949563</x>
            <y>-0.676194 -0.699507 0.231196</y>
            <z>0.736723 -0.642153 0.211845</z>
            <e>0.22583 0.00854592 0.00843141</e>
        </box>
    </node>
    <node>
        <type>2</type>
        <ID>BackSheet</ID>
        <box>
            <c>-0.000322506 0.336352 1.07509</c>
            <x>1 0 0</x>
            <y>0 1 0</y>
            <z>0 0 1</z>
            <e>0.287952 0.0298465 0.148201</e>
        </box>
    </node>
    <node>
        <type>1</type>
        <ID>FrontLegLeft</ID>
        <box>
            <c>0.269382 -0.289087 0.263095</c>
            <x>0.00381741 0.073357 0.997298</x>
            <y>0.716016 0.695998 -0.0539354</y>
            <z>0.698074 -0.714287 0.0498679</z>
            <e>0.285692 0.00990392 0.00847399</e>
        </box>
    </node>
    <node>
        <type>1</type>
        <ID>FrontLegRight</ID>
        <box>
            <c>-0.26767 -0.289272 0.263022</c>
            <x>-0.98599 0.166187 -0.0143153</x>
            <y>0.0013812 -0.0776847 -0.996977</y>
            <z>0.166796 0.98303 -0.0763669</z>
            <e>0.0091626 0.285768 0.0100811</e>
        </box>
    </node>
    <node>
        <type>2</type>
        <ID>SeatSheet</ID>
        <box>
            <c>0.00211 -0.0673175 0.537885</c>
            <x>1 0 0</x>
            <y>0 1 0</y>
            <z>0 0 1</z>
            <e>0.292215 0.292216 0.0268885</e>
        </box>
    </node>
    <cL>0</cL>
</document>
