<!--?xml Version = "1.0"?-->
<document>
    <cN>8</cN>
    <node>
        <type>1</type>
        <ID>BackLeft</ID>
        <box>
            <c>0.187757 0.267045 0.740999</c>
            <x>-0.00367581 0.319408 0.94761</x>
            <y>0.491898 0.825621 -0.276381</y>
            <z>0.870645 -0.465112 0.160151</z>
            <e>0.225813 0.00952143 0.00686309</e>
        </box>
    </node>
    <node>
        <type>1</type>
        <ID>BackLegLeft</ID>
        <box>
            <c>0.266827 0.168333 0.263084</c>
            <x>-0.038049 0.991462 0.124721</x>
            <y>-0.00875689 -0.125137 0.992101</y>
            <z>-0.999238 -0.0366563 -0.0134435</z>
            <e>0.00873602 0.285798 0.00870319</e>
        </box>
    </node>
    <node>
        <type>1</type>
        <ID>BackLegRight</ID>
        <box>
            <c>-0.267665 0.168231 0.263071</c>
            <x>0.219945 0.967644 0.123648</x>
            <y>-4.92934e-05 -0.126741 0.991936</y>
            <z>-0.975512 0.218178 0.0278284</z>
            <e>0.00893608 0.285739 0.0085248</e>
        </box>
    </node>
    <node>
        <type>1</type>
        <ID>BackRight</ID>
        <box>
            <c>-0.185517 0.268669 0.740408</c>
            <x>-0.0125775 -0.312679 -0.949776</x>
            <y>-0.999114 0.0420884 -0.000625238</y>
            <z>-0.04017 -0.948926 0.312931</z>
            <e>0.225756 0.011031 0.00844071</e>
        </box>
    </node>
    <node>
        <type>2</type>
        <ID>BackSheet</ID>
        <box>
            <c>-0.000322506 0.336352 1.07509</c>
            <x>1 0 0</x>
            <y>0 1 0</y>
            <z>0 0 1</z>
            <e>0.287952 0.0298465 0.148201</e>
        </box>
    </node>
    <node>
        <type>1</type>
        <ID>FrontLegLeft</ID>
        <box>
            <c>0.268793 -0.289285 0.263228</c>
            <x>0.00135452 0.0686293 0.997641</x>
            <y>-0.42917 -0.901054 0.0625676</y>
            <z>-0.903223 0.428243 -0.0282332</z>
            <e>0.285649 0.00854744 0.00840829</e>
        </box>
    </node>
    <node>
        <type>1</type>
        <ID>FrontLegRight</ID>
        <box>
            <c>-0.267642 -0.289152 0.263012</c>
            <x>-0.00106737 0.070751 0.997493</x>
            <y>-0.722641 0.689436 -0.0496742</y>
            <z>0.691223 0.720883 -0.0503917</z>
            <e>0.285667 0.00882471 0.00845813</e>
        </box>
    </node>
    <node>
        <type>2</type>
        <ID>SeatSheet</ID>
        <box>
            <c>0.00211 -0.0673175 0.537885</c>
            <x>1 0 0</x>
            <y>0 1 0</y>
            <z>0 0 1</z>
            <e>0.292215 0.292216 0.0268885</e>
        </box>
    </node>
    <cL>0</cL>
</document>
