<!--?xml Version = "1.0"?-->
<document>
    <cN>8</cN>
    <node>
        <type>1</type>
        <ID>BackLeft</ID>
        <box>
            <c>0.185113 0.268353 0.740473</c>
            <x>0.00141305 0.314834 0.949146</x>
            <y>0.952445 0.288789 -0.0972102</y>
            <z>0.304708 -0.904146 0.299454</z>
            <e>0.225645 0.00883779 0.00832562</e>
        </box>
    </node>
    <node>
        <type>1</type>
        <ID>BackLegLeft</ID>
        <box>
            <c>0.268718 0.168612 0.263161</c>
            <x>0.000941452 -0.121823 0.992551</x>
            <y>0.525424 0.844563 0.103161</y>
            <z>0.85084 -0.521413 -0.0648039</z>
            <e>0.285738 0.00880145 0.00844832</e>
        </box>
    </node>
    <node>
        <type>1</type>
        <ID>BackLegRight</ID>
        <box>
            <c>-0.267637 0.168496 0.263089</c>
            <x>0.00575404 -0.122888 0.992404</x>
            <y>0.973649 0.226946 0.022457</y>
            <z>0.227981 -0.966123 -0.120955</z>
            <e>0.28578 0.00982902 0.00857152</e>
        </box>
    </node>
    <node>
        <type>1</type>
        <ID>BackRight</ID>
        <box>
            <c>-0.185305 0.268649 0.740522</c>
            <x>-0.00249089 0.318244 0.948006</x>
            <y>-0.420142 0.859945 -0.289786</y>
            <z>0.907455 0.399019 -0.131566</z>
            <e>0.225664 0.00971479 0.00830633</e>
        </box>
    </node>
    <node>
        <type>2</type>
        <ID>BackSheet</ID>
        <box>
            <c>-0.000462324 0.336429 1.07513</c>
            <x>-0.99942 -0.0340342 -0.000976971</x>
            <y>0.0340351 -0.99942 -0.000978485</y>
            <z>0.000943103 0.00101117 -0.999999</z>
            <e>0.29081 0.0398176 0.150005</e>
        </box>
    </node>
    <node>
        <type>1</type>
        <ID>FrontLegLeft</ID>
        <box>
            <c>0.269196 -0.289392 0.263046</c>
            <x>-0.0488107 0.996342 -0.0701425</x>
            <y>0.000982782 -0.0701783 -0.997534</y>
            <z>0.998808 0.0487593 -0.00244627</z>
            <e>0.00843267 0.285756 0.00855794</e>
        </box>
    </node>
    <node>
        <type>1</type>
        <ID>FrontLegRight</ID>
        <box>
            <c>-0.267772 -0.289094 0.263053</c>
            <x>0.00145248 0.0692632 0.997597</x>
            <y>0.064057 -0.995556 0.0690282</y>
            <z>-0.997945 -0.0638029 0.00588282</z>
            <e>0.285744 0.00875579 0.00859801</e>
        </box>
    </node>
    <node>
        <type>2</type>
        <ID>SeatSheet</ID>
        <box>
            <c>0.00214028 -0.0673493 0.537852</c>
            <x>8.03358e-05 -1 -0.000192858</x>
            <y>1 8.02968e-05 0.000202359</y>
            <z>0.000202343 0.000192874 -1</z>
            <e>0.296129 0.29613 0.0282046</e>
        </box>
    </node>
    <cL>0</cL>
</document>
