<!--?xml Version = "1.0"?-->
<document>
    <cN>4</cN>
    <cL>0</cL>
    <node>
        <type>2</type>
        <ID>Box001</ID>
        <box>
            <c>0 0 50.5</c>
            <x>1 0 0</x>
            <y>0 1 0</y>
            <z>0 0 1</z>
            <e>20 40 0.5</e>
        </box>
    </node>
    <node>
        <type>1</type>
        <ID>Box010</ID>
        <box>
            <c>5.14214 -29.2758 25</c>
            <x>-0.642797 0.766037 0</x>
            <y>5.34196e-18 4.48255e-18 1</y>
            <z>0.766037 0.642797 -6.9735e-18</z>
            <e>2.50001 25 0.500025</e>
        </box>
    </node>
    <node>
        <type>1</type>
        <ID>Box009</ID>
        <box>
            <c>-7.50034 -14.2149 5.7321</c>
            <x>0 0 -1</x>
            <y>0.642788 -0.766044 0</y>
            <z>-0.766044 -0.642788 0</z>
            <e>1.5 17.5 0.500025</e>
        </box>
    </node>
    <node>
        <type>1</type>
        <ID>Box007</ID>
        <box>
            <c>-7.50034 -14.2149 48.5</c>
            <x>0 0 -1</x>
            <y>0.642788 -0.766044 0</y>
            <z>-0.766044 -0.642788 0</z>
            <e>1.5 17.5 0.500025</e>
        </box>
    </node>
    <bundle>Box010 Box009 Box007</bundle>
    <node>
        <type>1</type>
        <ID>Box013</ID>
        <box>
            <c>-5.14214 29.2758 25</c>
            <x>0.642797 -0.766037 0</x>
            <y>-5.34196e-18 -4.48255e-18 1</y>
            <z>-0.766037 -0.642797 -6.9735e-18</z>
            <e>2.50001 25 0.500025</e>
        </box>
    </node>
    <node>
        <type>1</type>
        <ID>Box012</ID>
        <box>
            <c>7.50034 14.2149 48.5</c>
            <x>0 0 -1</x>
            <y>-0.642788 0.766044 0</y>
            <z>0.766044 0.642788 0</z>
            <e>1.5 17.5 0.500025</e>
        </box>
    </node>
    <node>
        <type>1</type>
        <ID>Box014</ID>
        <box>
            <c>7.50034 14.2149 5.7321</c>
            <x>0 0 -1</x>
            <y>-0.642788 0.766044 0</y>
            <z>0.766044 0.642788 0</z>
            <e>1.5 17.5 0.500025</e>
        </box>
    </node>
    <bundle>Box013 Box012 Box014</bundle>
    <node>
        <type>1</type>
        <ID>Box002</ID>
        <box>
            <c>19.5 0 25</c>
            <x>1 0 0</x>
            <y>0 1 0</y>
            <z>0 0 1</z>
            <e>0.5 2.5 25</e>
        </box>
    </node>
    <node>
        <type>1</type>
        <ID>Box011</ID>
        <box>
            <c>0 0 48.5</c>
            <x>1 0 0</x>
            <y>0 1 0</y>
            <z>0 0 1</z>
            <e>20 0.5 1.5</e>
        </box>
    </node>
    <node>
        <type>1</type>
        <ID>Box003</ID>
        <box>
            <c>-19.5 0 25</c>
            <x>1 0 0</x>
            <y>0 1 0</y>
            <z>0 0 1</z>
            <e>0.5 2.5 25</e>
        </box>
    </node>
    <node>
        <type>1</type>
        <ID>Box006</ID>
        <box>
            <c>0 0 13.6833</c>
            <x>1 0 0</x>
            <y>0 1 0</y>
            <z>0 0 1</z>
            <e>20 0.5 1.5</e>
        </box>
    </node>
    <node>
        <type>1</type>
        <ID>Box004</ID>
        <box>
            <c>19.5 0 1.5</c>
            <x>1 0 0</x>
            <y>0 1 0</y>
            <z>0 0 1</z>
            <e>0.5 7.5 1.5</e>
        </box>
    </node>
    <node>
        <type>1</type>
        <ID>Box005</ID>
        <box>
            <c>-19.5 0 1.5</c>
            <x>1 0 0</x>
            <y>0 1 0</y>
            <z>0 0 1</z>
            <e>0.5 7.5 1.5</e>
        </box>
    </node>
    <bundle>Box002 Box011 Box003 Box006 Box004 Box005</bundle>
</document>
