<!--?xml Version = "1.0"?-->
<document>
    <cN>19</cN>
    <node>
        <type>2</type>
        <ID>Back</ID>
        <box>
            <c>0.0105438 0.331337 1.0954</c>
            <x>0.999689 -0.0248398 0.0022523</x>
            <y>-0.0245557 -0.964372 0.263407</y>
            <z>0.00437093 0.263381 0.964682</z>
            <e>0.219401 0.0252307 0.0472201</e>
        </box>
    </node>
    <node>
        <type>1</type>
        <ID>BackBar</ID>
        <box>
            <c>0.00873491 0.24549 0.572773</c>
            <x>-0.999907 0.0135198 -0.00178198</x>
            <y>-0.0135174 -0.999908 -0.00132479</y>
            <z>0.00179972 0.00130058 -0.999998</z>
            <e>0.219402 0.0271453 0.0250066</e>
        </box>
    </node>
    <node>
        <type>1</type>
        <ID>BarLeft</ID>
        <box>
            <c>0.242085 0.266922 0.819193</c>
            <x>0.00385323 0.140918 0.990014</x>
            <y>-0.0170551 -0.989868 0.140964</y>
            <z>-0.999847 0.017428 0.00141081</z>
            <e>0.35308 0.0420843 0.0172487</e>
        </box>
    </node>
    <node>
        <type>1</type>
        <ID>BarRight</ID>
        <box>
            <c>-0.223112 0.274363 0.819164</c>
            <x>-0.999681 0.0123715 -0.0220128</x>
            <y>0.0199295 -0.148754 -0.988673</y>
            <z>0.0155058 0.988797 -0.14846</z>
            <e>0.0246464 0.352918 0.041046</e>
        </box>
    </node>
    <node>
        <type>1</type>
        <ID>LegBackLeft</ID>
        <box>
            <c>0.241866 0.244966 0.23327</c>
            <x>0.011175 0.100807 -0.994843</x>
            <y>0.999853 -0.0140376 0.00980885</y>
            <z>0.0129764 0.994807 0.100949</z>
            <e>0.262949 0.0192267 0.0409358</e>
        </box>
    </node>
    <node>
        <type>1</type>
        <ID>LegBackRight</ID>
        <box>
            <c>-0.223512 0.252766 0.233644</c>
            <x>0.00569199 0.102516 -0.994715</x>
            <y>0.99993 -0.0109371 0.00459464</y>
            <z>0.0104082 0.994671 0.102571</z>
            <e>0.263519 0.017695 0.040787</e>
        </box>
    </node>
    <node>
        <type>1</type>
        <ID>LegFrontLeft</ID>
        <box>
            <c>0.265755 -0.335767 0.227748</c>
            <x>0.000135452 0.000924272 -1</x>
            <y>0.0230973 0.999733 0.000927154</y>
            <z>-0.999733 0.0230974 -0.000114068</z>
            <e>0.25151 0.029102 0.0286001</e>
        </box>
    </node>
    <node>
        <type>1</type>
        <ID>LegFrontRight</ID>
        <box>
            <c>-0.267728 -0.326617 0.227496</c>
            <x>-0.000424486 -1 0.000813554</x>
            <y>0.999962 -0.000417426 0.00865755</y>
            <z>0.0086572 -0.000817199 -0.999962</z>
            <e>0.0290156 0.0307445 0.251742</e>
        </box>
    </node>
    <node>
        <type>1</type>
        <ID>MiddleBar01</ID>
        <box>
            <c>0.134975 0.277868 0.823884</c>
            <x>0.991977 -0.126382 0.00309296</x>
            <y>0.0178162 0.163978 0.986303</y>
            <z>0.125158 0.978335 -0.164914</z>
            <e>0.0134576 0.2333 0.0138722</e>
        </box>
    </node>
    <node>
        <type>1</type>
        <ID>MiddleBar02</ID>
        <box>
            <c>0.0838198 0.281391 0.823404</c>
            <x>-0.011837 -0.144729 -0.989401</x>
            <y>-0.997825 0.0658826 0.00230054</y>
            <z>-0.0648513 -0.987276 0.145194</z>
            <e>0.232482 0.0127315 0.0116951</e>
        </box>
    </node>
    <node>
        <type>1</type>
        <ID>MiddleBar03</ID>
        <box>
            <c>0.0336788 0.284291 0.823431</c>
            <x>-0.0120053 -0.146065 -0.989202</x>
            <y>-0.999786 0.0184035 0.00941632</y>
            <z>-0.0168294 -0.989104 0.146254</z>
            <e>0.231535 0.0144019 0.0117861</e>
        </box>
    </node>
    <node>
        <type>1</type>
        <ID>MiddleBar04</ID>
        <box>
            <c>-0.0146044 0.285639 0.823199</c>
            <x>0.000771655 -0.142272 -0.989827</x>
            <y>0.999167 -0.0402827 0.00656893</y>
            <z>0.0408074 0.989008 -0.142122</z>
            <e>0.232137 0.0133579 0.0123158</e>
        </box>
    </node>
    <node>
        <type>1</type>
        <ID>MiddleBar05</ID>
        <box>
            <c>-0.0646788 0.286014 0.823631</c>
            <x>0.0171689 -0.129262 -0.991462</x>
            <y>0.998207 0.059083 0.0095828</y>
            <z>-0.0573399 0.989849 -0.130045</z>
            <e>0.232505 0.0149751 0.014268</e>
        </box>
    </node>
    <node>
        <type>1</type>
        <ID>MiddleBar06</ID>
        <box>
            <c>-0.115763 0.281 0.824691</c>
            <x>-0.997563 -0.0694849 0.00639255</x>
            <y>0.00343203 -0.14036 -0.990095</y>
            <z>-0.0696939 0.987659 -0.140256</z>
            <e>0.0149817 0.232773 0.0131043</e>
        </box>
    </node>
    <node>
        <type>2</type>
        <ID>Seat</ID>
        <box>
            <c>0.002447 -0.0811979 0.520089</c>
            <x>-0.999804 0.0155158 -0.0122992</x>
            <y>0.0118944 -0.0259153 -0.999593</y>
            <z>0.0158282 0.999544 -0.0257256</z>
            <e>0.301572 0.0558819 0.284526</e>
        </box>
    </node>
    <node>
        <type>1</type>
        <ID>UnderbarBack</ID>
        <box>
            <c>0.00834249 0.210229 0.440301</c>
            <x>0.000678247 0.000148427 -1</x>
            <y>-0.99986 0.0167089 -0.000675672</y>
            <z>-0.0167088 -0.99986 -0.000159739</z>
            <e>0.0367558 0.219341 0.01206</e>
        </box>
    </node>
    <node>
        <type>1</type>
        <ID>UnderbarFront</ID>
        <box>
            <c>-0.00165243 -0.345157 0.432299</c>
            <x>-0.999788 0.0170507 -0.0115234</x>
            <y>0.0114742 -0.00298124 -0.99993</y>
            <z>0.0170838 0.99985 -0.00278497</z>
            <e>0.241833 0.0478669 0.0126287</e>
        </box>
    </node>
    <node>
        <type>1</type>
        <ID>UnderbarLeft</ID>
        <box>
            <c>0.261713 -0.0566155 0.43231</c>
            <x>-0.0724269 0.997333 0.00901275</x>
            <y>-0.00970526 -0.0097408 0.999905</y>
            <z>-0.997327 -0.0723326 -0.0103849</z>
            <e>0.255669 0.0473832 0.0128325</e>
        </box>
    </node>
    <node>
        <type>1</type>
        <ID>UnderbarRight</ID>
        <box>
            <c>-0.254534 -0.0478462 0.432089</c>
            <x>0.0397705 -0.00224291 -0.999206</x>
            <y>-0.106855 -0.994273 -0.00202122</y>
            <z>0.993479 -0.106851 0.0397824</z>
            <e>0.0451732 0.256013 0.014151</e>
        </box>
    </node>
    <cL>0</cL>
</document>
