<!--?xml Version = "1.0"?-->
<document>
    <cN>19</cN>
    <node>
        <type>1</type>
        <ID>BackBar</ID>
        <box>
            <c>0.008689 0.244139 0.572817</c>
            <x>1 0 0</x>
            <y>0 1 0</y>
            <z>0 0 1</z>
            <e>0.217008 0.0280205 0.024084</e>
        </box>
    </node>
    <node>
        <type>1</type>
        <ID>LegFrontLeft</ID>
        <box>
            <c>0.265686 -0.335596 0.227604</c>
            <x>1 0 0</x>
            <y>0 1 0</y>
            <z>0 0 1</z>
            <e>0.0285845 0.028339 0.248875</e>
        </box>
    </node>
    <node>
        <type>1</type>
        <ID>LegFrontRight</ID>
        <box>
            <c>-0.267861 -0.326524 0.227604</c>
            <x>1 0 0</x>
            <y>0 1 0</y>
            <z>0 0 1</z>
            <e>0.0283395 0.028585 0.248875</e>
        </box>
    </node>
    <node>
        <type>1</type>
        <ID>MiddleBar01</ID>
        <box>
            <c>0.134554 0.27602 0.823851</c>
            <x>-0.010215 0.144753 0.989415</x>
            <y>-0.990227 0.136171 -0.0301455</y>
            <z>0.139094 0.980053 -0.141947</z>
            <e>0.23292 0.0194274 0.0122273</e>
        </box>
    </node>
    <node>
        <type>1</type>
        <ID>MiddleBar02</ID>
        <box>
            <c>0.0836819 0.281686 0.823649</c>
            <x>-0.00165046 0.145695 0.989328</x>
            <y>0.997565 -0.0687462 0.0117882</y>
            <z>-0.06973 -0.986938 0.145227</z>
            <e>0.232806 0.0149939 0.0117363</e>
        </box>
    </node>
    <node>
        <type>1</type>
        <ID>MiddleBar03</ID>
        <box>
            <c>0.0332113 0.284686 0.824067</c>
            <x>0.999606 -0.00102517 0.0280508</x>
            <y>-0.0276003 0.146053 0.988892</y>
            <z>0.00511068 0.989276 -0.145967</z>
            <e>0.0191742 0.230385 0.0121072</e>
        </box>
    </node>
    <node>
        <type>1</type>
        <ID>MiddleBar04</ID>
        <box>
            <c>-0.0145522 0.285812 0.823566</c>
            <x>-0.99934 0.0167769 0.0322312</x>
            <y>-0.0343581 -0.147611 -0.988449</y>
            <z>0.0118254 0.988903 -0.14809</z>
            <e>0.019371 0.231601 0.0120626</e>
        </box>
    </node>
    <node>
        <type>1</type>
        <ID>MiddleBar05</ID>
        <box>
            <c>-0.0648874 0.283712 0.823318</c>
            <x>-0.0165584 -0.147134 -0.988978</x>
            <y>-0.997566 -0.06457 0.0263086</y>
            <z>0.0677292 -0.987007 0.145707</z>
            <e>0.232281 0.0174342 0.0122839</e>
        </box>
    </node>
    <node>
        <type>1</type>
        <ID>MiddleBar06</ID>
        <box>
            <c>-0.115798 0.27965 0.824378</c>
            <x>0.0122425 0.149023 0.988758</x>
            <y>0.995684 0.0891576 -0.0257658</y>
            <z>0.091995 -0.984806 0.147288</z>
            <e>0.232526 0.018731 0.0120229</e>
        </box>
    </node>
    <node>
        <type>2</type>
        <ID>Seat</ID>
        <box>
            <c>-0.000727504 -0.083148 0.525793</c>
            <x>1 0 0</x>
            <y>0 1 0</y>
            <z>0 0 1</z>
            <e>0.298575 0.28553 0.049314</e>
        </box>
    </node>
    <node>
        <type>1</type>
        <ID>UnderbarBack</ID>
        <box>
            <c>0.008245 0.210509 0.440352</c>
            <x>1 0 0</x>
            <y>0 1 0</y>
            <z>0 0 1</z>
            <e>0.216938 0.015824 0.036127</e>
        </box>
    </node>
    <node>
        <type>1</type>
        <ID>UnderbarFront</ID>
        <box>
            <c>-0.001456 -0.34523 0.432324</c>
            <x>1 0 0</x>
            <y>0 1 0</y>
            <z>0 0 1</z>
            <e>0.239012 0.0162085 0.044155</e>
        </box>
    </node>
    <node>
        <type>1</type>
        <ID>UnderbarLeft</ID>
        <box>
            <c>0.262172 -0.056822 0.432324</c>
            <x>1 0 0</x>
            <y>0 1 0</y>
            <z>0 0 1</z>
            <e>0.030092 0.25138 0.044155</e>
        </box>
    </node>
    <node>
        <type>1</type>
        <ID>UnderbarRight</ID>
        <box>
            <c>-0.254856 -0.047797 0.432324</c>
            <x>1 0 0</x>
            <y>0 1 0</y>
            <z>0 0 1</z>
            <e>0.038849 0.250599 0.044155</e>
        </box>
    </node>
    <node>
        <type>1</type>
        <ID>Back</ID>
        <box>
            <c>0.0101729 0.33115 1.09528</c>
            <x>-0.999952 0.00965441 0.00185875</x>
            <y>-0.00885841 -0.966728 0.255655</y>
            <z>-0.0042651 -0.255626 -0.966766</z>
            <e>0.219038 0.0253601 0.0472546</e>
        </box>
    </node>
    <node>
        <type>1</type>
        <ID>BarLeft</ID>
        <box>
            <c>0.241936 0.268529 0.819305</c>
            <x>-0.00226615 -0.125161 -0.992134</x>
            <y>-0.00780322 0.992108 -0.12514</y>
            <z>-0.999967 -0.00745825 0.00322493</z>
            <e>0.352668 0.0453639 0.0176401</e>
        </box>
    </node>
    <node>
        <type>1</type>
        <ID>BarRight</ID>
        <box>
            <c>-0.223007 0.276333 0.818696</c>
            <x>0.0010756 -0.160536 -0.987029</x>
            <y>0.999816 -0.0187315 0.00413613</y>
            <z>0.0191526 0.986852 -0.160486</z>
            <e>0.35366 0.0180144 0.0428593</e>
        </box>
    </node>
    <node>
        <type>1</type>
        <ID>LegBackLeft</ID>
        <box>
            <c>0.241332 0.245639 0.234313</c>
            <x>0.00939005 -0.0917502 0.995738</x>
            <y>-0.999324 0.0345479 0.0126072</y>
            <z>0.0355574 0.995183 0.0913637</z>
            <e>0.263407 0.0192673 0.0424587</e>
        </box>
    </node>
    <node>
        <type>1</type>
        <ID>LegBackRight</ID>
        <box>
            <c>-0.224205 0.253415 0.226546</c>
            <x>0.999759 -0.0183716 -0.0119871</x>
            <y>-0.010086 0.100287 -0.994907</y>
            <z>-0.0194802 -0.994789 -0.100078</z>
            <e>0.0195348 0.256212 0.0410268</e>
        </box>
    </node>
    <cL>0</cL>
</document>
