<!--?xml Version = "1.0"?-->
<document>
    <cN>29</cN>
    <node>
        <type>2</type>
        <ID>Bed</ID>
        <box>
            <c>0.000507222 -0.00429832 0.167742</c>
            <x>-0.000183576 1 0.000604254</x>
            <y>-1 -0.000183422 -0.000254347</y>
            <z>0.000254236 0.000604301 -1</z>
            <e>0.302679 0.578842 0.0136726</e>
        </box>
    </node>
    <node>
        <type>1</type>
        <ID>BottomRail01</ID>
        <box>
            <c>-0.00124806 -0.326911 0.184988</c>
            <x>-0.000149294 -0.999997 -0.00223151</x>
            <y>-1 0.000148919 0.000168519</y>
            <z>0.000168187 -0.00223153 0.999997</z>
            <e>0.0279114 0.581075 0.0279045</e>
        </box>
    </node>
    <node>
        <type>1</type>
        <ID>BottomRail02</ID>
        <box>
            <c>0.605736 -0.000664572 0.184611</c>
            <x>-0.00104315 0.99999 -0.00436556</x>
            <y>0.00685323 -0.00435831 -0.999967</y>
            <z>0.999976 0.00107304 0.00684862</z>
            <e>0.278094 0.0284905 0.0282651</e>
        </box>
    </node>
    <node>
        <type>1</type>
        <ID>BottomRail03</ID>
        <box>
            <c>-0.000895346 0.322591 0.183886</c>
            <x>-0.00160775 -0.999872 -0.0158988</x>
            <y>-0.0169834 0.0159238 -0.999729</y>
            <z>-0.999854 0.0013373 0.0170068</z>
            <e>0.0289152 0.0370883 0.581036</e>
        </box>
    </node>
    <node>
        <type>1</type>
        <ID>BottomRail04</ID>
        <box>
            <c>-0.602663 -0.000756196 0.184323</c>
            <x>0.0193621 -0.00165828 0.999811</x>
            <y>-0.00161082 0.999997 0.00168978</y>
            <z>0.999811 0.00164324 -0.0193594</z>
            <e>0.0275314 0.277729 0.0289565</e>
        </box>
    </node>
    <node>
        <type>1</type>
        <ID>Leg01</ID>
        <box>
            <c>0.595527 -0.321329 0.398362</c>
            <x>0.0228913 -0.00781724 0.999707</x>
            <y>-0.00349734 -0.999964 -0.00773916</y>
            <z>-0.999732 0.00331915 0.0229178</z>
            <e>0.418678 0.0625244 0.0496241</e>
        </box>
    </node>
    <node>
        <type>1</type>
        <ID>Leg02</ID>
        <box>
            <c>0.596998 0.325404 0.398732</c>
            <x>0.0206883 -0.00934504 0.999742</x>
            <y>0.0239693 -0.999664 -0.00984032</y>
            <z>-0.999499 -0.0241667 0.0204573</z>
            <e>0.419463 0.0621682 0.0498144</e>
        </box>
    </node>
    <node>
        <type>1</type>
        <ID>Leg03</ID>
        <box>
            <c>-0.610794 0.327995 0.398791</c>
            <x>0.0213985 -0.0137368 0.999677</x>
            <y>0.0224892 -0.999646 -0.0142177</y>
            <z>-0.999518 -0.0227861 0.021082</z>
            <e>0.419488 0.0626974 0.0501841</e>
        </box>
    </node>
    <node>
        <type>1</type>
        <ID>Leg04</ID>
        <box>
            <c>-0.606819 -0.321697 0.398394</c>
            <x>0.0102305 -0.00572578 0.999931</x>
            <y>-0.00696458 -0.99996 -0.00565468</y>
            <z>-0.999923 0.00690625 0.0102699</z>
            <e>0.419031 0.0621718 0.0498645</e>
        </box>
    </node>
    <node>
        <type>1</type>
        <ID>Rail01</ID>
        <box>
            <c>0.00102007 -0.327517 0.646832</c>
            <x>-0.999987 -0.000262244 0.00500114</x>
            <y>0.00500477 -0.0163731 0.999853</y>
            <z>0.000180321 -0.999866 -0.0163742</z>
            <e>0.578602 0.0380816 0.0313522</e>
        </box>
    </node>
    <node>
        <type>1</type>
        <ID>Rail02</ID>
        <box>
            <c>0.606265 -0.00215077 0.647285</c>
            <x>-0.00336472 -0.000834273 0.999994</x>
            <y>0.00193595 0.999998 0.00084079</y>
            <z>0.999992 -0.00193877 0.0033631</z>
            <e>0.0342164 0.28012 0.0314013</e>
        </box>
    </node>
    <node>
        <type>1</type>
        <ID>Rail03</ID>
        <box>
            <c>0.00101072 0.326412 0.647052</c>
            <x>0.00534258 0.0456581 0.998943</x>
            <y>0.00564497 -0.998943 0.0456279</y>
            <z>-0.99997 -0.00539523 0.00559467</z>
            <e>0.0370429 0.0344615 0.578871</e>
        </box>
    </node>
    <node>
        <type>1</type>
        <ID>Rail04</ID>
        <box>
            <c>-0.603367 -0.00213673 0.646755</c>
            <x>0.00971942 0.000218783 0.999953</x>
            <y>-0.000812917 1 -0.000210891</y>
            <z>0.999952 0.000810829 -0.00971959</z>
            <e>0.0343917 0.280202 0.0312765</e>
        </box>
    </node>
    <node>
        <type>1</type>
        <ID>RailBars01</ID>
        <box>
            <c>-0.412812 0.325745 0.412622</c>
            <x>0.527614 0.849484 0.000909447</x>
            <y>0.00110634 0.000383439 -0.999999</y>
            <z>0.849484 -0.527614 0.000737513</z>
            <e>0.0180452 0.205285 0.0163825</e>
        </box>
    </node>
    <node>
        <type>1</type>
        <ID>RailBars02</ID>
        <box>
            <c>-0.205299 0.325764 0.412657</c>
            <x>-0.999849 0.0173365 0.00124306</x>
            <y>0.00120714 -0.00208265 0.999997</y>
            <z>-0.0173391 -0.999848 -0.00206141</z>
            <e>0.0194418 0.205265 0.015355</e>
        </box>
    </node>
    <node>
        <type>1</type>
        <ID>RailBars03</ID>
        <box>
            <c>-0.00842645 0.326006 0.412479</c>
            <x>-0.999788 0.0204929 0.0019575</x>
            <y>0.00198329 0.00123847 0.999997</y>
            <z>-0.0204904 -0.999789 0.00127885</z>
            <e>0.0192193 0.20508 0.015142</e>
        </box>
    </node>
    <node>
        <type>1</type>
        <ID>RailBars04</ID>
        <box>
            <c>0.198347 0.326364 0.412608</c>
            <x>0.534833 0.844958 4.98909e-05</x>
            <y>-0.000888657 0.000503448 0.999999</y>
            <z>-0.844957 0.534833 -0.00102014</z>
            <e>0.0179182 0.205198 0.0162961</e>
        </box>
    </node>
    <node>
        <type>1</type>
        <ID>RailBars05</ID>
        <box>
            <c>0.406185 0.326065 0.412628</c>
            <x>0.99995 0.0100379 -0.000465223</x>
            <y>-0.000455053 -0.00101542 -0.999999</y>
            <z>0.0100383 -0.999949 0.0010108</z>
            <e>0.0192209 0.20519 0.0151432</e>
        </box>
    </node>
    <node>
        <type>1</type>
        <ID>RailBars06</ID>
        <box>
            <c>-0.412884 -0.327362 0.41277</c>
            <x>-0.538597 -0.842564 -0.000451138</x>
            <y>0.000446983 0.000249708 -1</y>
            <z>-0.842564 0.538597 -0.00024212</z>
            <e>0.0177917 0.205147 0.0162201</e>
        </box>
    </node>
    <node>
        <type>1</type>
        <ID>RailBars07</ID>
        <box>
            <c>-0.205452 -0.327674 0.412679</c>
            <x>-0.547188 -0.83701 7.64043e-05</x>
            <y>-0.000968528 0.000724449 0.999999</y>
            <z>0.837009 -0.547188 0.00120708</z>
            <e>0.0176849 0.205197 0.0162251</e>
        </box>
    </node>
    <node>
        <type>1</type>
        <ID>RailBars08</ID>
        <box>
            <c>-0.0079943 -0.327589 0.412687</c>
            <x>-0.999983 0.0058757 0.000482181</x>
            <y>-0.000484243 -0.000349539 -1</y>
            <z>0.00587553 0.999983 -0.000352378</z>
            <e>0.0189583 0.205266 0.0150461</e>
        </box>
    </node>
    <node>
        <type>1</type>
        <ID>RailBars09</ID>
        <box>
            <c>0.198443 -0.32748 0.412517</c>
            <x>-0.00749513 0.00215654 0.99997</x>
            <y>-0.999351 0.0352264 -0.00756646</y>
            <z>0.0352416 0.999377 -0.00189111</z>
            <e>0.205337 0.0203553 0.015293</e>
        </box>
    </node>
    <node>
        <type>1</type>
        <ID>RailBars10</ID>
        <box>
            <c>0.406397 -0.32795 0.412645</c>
            <x>-0.999711 -0.0239737 -0.0017169</x>
            <y>-0.00172428 0.000286927 0.999998</y>
            <z>0.0239732 -0.999713 0.000328182</z>
            <e>0.0192934 0.205267 0.0151947</e>
        </box>
    </node>
    <node>
        <type>1</type>
        <ID>RailBars11</ID>
        <box>
            <c>0.605976 -0.158004 0.412554</c>
            <x>0.85318 0.521616 0.000999366</x>
            <y>0.000174053 -0.00220059 0.999998</y>
            <z>-0.521617 0.853177 0.00196829</z>
            <e>0.0178039 0.205298 0.0162937</e>
        </box>
    </node>
    <node>
        <type>1</type>
        <ID>RailBars12</ID>
        <box>
            <c>0.606052 0.00603747 0.412504</c>
            <x>0.84942 0.527718 -0.00049672</x>
            <y>-0.00125106 0.00107246 -0.999999</y>
            <z>0.527716 -0.849419 -0.00157118</z>
            <e>0.0175747 0.205091 0.0161564</e>
        </box>
    </node>
    <node>
        <type>1</type>
        <ID>RailBars13</ID>
        <box>
            <c>0.605986 0.16585 0.412726</c>
            <x>0.000925259 0.999999 0.00120029</x>
            <y>-0.00011959 0.0012004 -0.999999</y>
            <z>1 -0.000925115 -0.0001207</z>
            <e>0.0191316 0.205291 0.0152685</e>
        </box>
    </node>
    <node>
        <type>1</type>
        <ID>RailBars14</ID>
        <box>
            <c>-0.604235 0.0064498 0.412773</c>
            <x>0.85387 -0.520486 -0.000946152</x>
            <y>0.00115226 7.24893e-05 0.999999</y>
            <z>0.520486 0.85387 -0.000661633</z>
            <e>0.0177594 0.205229 0.0162652</e>
        </box>
    </node>
    <node>
        <type>1</type>
        <ID>RailBars15</ID>
        <box>
            <c>-0.60442 0.165712 0.412587</c>
            <x>0.000225938 0.000373495 1</x>
            <y>0.0293898 0.999568 -0.000379974</y>
            <z>-0.999568 0.0293899 0.000214863</z>
            <e>0.205179 0.0193984 0.0152777</e>
        </box>
    </node>
    <node>
        <type>1</type>
        <ID>RailBars16</ID>
        <box>
            <c>-0.604126 -0.157878 0.412524</c>
            <x>-0.842585 0.538563 0.000674497</x>
            <y>0.000720231 -0.000125595 1</y>
            <z>-0.538563 -0.842585 0.000282066</z>
            <e>0.0180198 0.205236 0.0164569</e>
        </box>
    </node>
    <cL>0</cL>
</document>
