<!--?xml Version = "1.0"?-->
<document>
    <cN>33</cN>
    <node>
        <type>1</type>
        <ID>Box02_fixed</ID>
        <box>
            <c>0.665281 -0.655821 0.295947</c>
            <x>-0.00129048 -0.00578766 -0.999982</x>
            <y>0.00288583 -0.999979 0.00578392</y>
            <z>0.999995 0.00287831 -0.00130716</z>
            <e>0.284115 0.0125471 0.0200448</e>
        </box>
    </node>
    <node>
        <type>1</type>
        <ID>Box02_fixed001</ID>
        <box>
            <c>0.665079 0.650552 0.296084</c>
            <x>-0.999999 0.000964174 0.000966737</x>
            <y>-0.000966734 3.68968e-06 -1</y>
            <z>0.000964177 1 2.75758e-06</z>
            <e>0.0200671 0.284195 0.00999811</e>
        </box>
    </node>
    <node>
        <type>1</type>
        <ID>ChamferBo0_fixed</ID>
        <box>
            <c>-0.948535 -0.00372685 0.692587</c>
            <x>0.834753 0.00116398 -0.550623</x>
            <y>-0.550612 -0.00491014 -0.834747</y>
            <z>0.00367526 -0.999987 0.00345785</z>
            <e>0.0277942 0.0248466 0.651753</e>
        </box>
    </node>
    <node>
        <type>1</type>
        <ID>ChamferBo1_fixed</ID>
        <box>
            <c>-0.827359 0.000108313 0.236816</c>
            <x>0.000760917 -0.999905 -0.0137941</x>
            <y>-0.021855 0.0137741 -0.999666</y>
            <z>-0.999761 -0.00106213 0.0218424</z>
            <e>0.645535 0.0369464 0.0110481</e>
        </box>
    </node>
    <node>
        <type>1</type>
        <ID>ChamferBo2_fixed</ID>
        <box>
            <c>0.782597 -0.0086922 0.996481</c>
            <x>-0.00133875 0.999999 0.00109634</x>
            <y>-0.423025 0.000427085 -0.906118</y>
            <z>0.906117 0.00167685 -0.423024</z>
            <e>0.678965 0.0296673 0.0114047</e>
        </box>
    </node>
    <node>
        <type>1</type>
        <ID>ChamferBo3_fixed</ID>
        <box>
            <c>0.661345 -0.00697119 0.54145</c>
            <x>0.00102893 -0.999998 -0.00190111</x>
            <y>-0.062462 -0.00196167 0.998045</y>
            <z>0.998047 0.000908175 0.0624639</z>
            <e>0.646016 0.0292232 0.0115504</e>
        </box>
    </node>
    <node>
        <type>2</type>
        <ID>ChamferBo4</ID>
        <box>
            <c>0.661172 -0.0069367 0.360533</c>
            <x>0.00103136 0.999999 0.00132343</x>
            <y>0.000361867 0.00132306 -0.999999</y>
            <z>0.999999 -0.00103184 0.000360502</z>
            <e>0.645259 0.153645 0.0110415</e>
        </box>
    </node>
    <node>
        <type>1</type>
        <ID>ChamferBo5_fixed</ID>
        <box>
            <c>-0.0840076 0.58769 0.245253</c>
            <x>-0.021476 0.99975 -0.00627516</x>
            <y>-0.0203348 -0.00671211 -0.999771</y>
            <z>0.999563 0.0213434 -0.0204739</z>
            <e>0.0270414 0.0510207 0.742092</e>
        </box>
    </node>
    <node>
        <type>1</type>
        <ID>ChamferBo6_fixed</ID>
        <box>
            <c>-0.0846519 -0.6281 0.243678</c>
            <x>-0.999994 0.000239214 0.00354944</x>
            <y>0.00354366 -0.0209274 0.999775</y>
            <z>-0.000313441 -0.999781 -0.0209264</z>
            <e>0.742281 0.0395324 0.010936</e>
        </box>
    </node>
    <node>
        <type>1</type>
        <ID>ChamferBo8_fixed</ID>
        <box>
            <c>-1.01264 -0.00580641 0.841303</c>
            <x>0.999015 -0.00979711 -0.0432713</x>
            <y>-0.0433046 -0.00321413 -0.999057</y>
            <z>-0.00964878 -0.999947 0.00363522</z>
            <e>0.0269898 0.0276549 0.658348</e>
        </box>
    </node>
    <node>
        <type>2</type>
        <ID>ChamferBox_fixed</ID>
        <box>
            <c>-0.0828759 -0.01887 0.392784</c>
            <x>0.999996 -0.00120603 -0.00259173</x>
            <y>-0.0012112 -0.999997 -0.00199125</y>
            <z>0.00258932 -0.00199438 0.999995</z>
            <e>0.741196 0.645974 0.113065</e>
        </box>
    </node>
    <node>
        <type>1</type>
        <ID>Object36_fixed</ID>
        <box>
            <c>-0.868237 0.0334107 0.469347</c>
            <x>-0.255518 0.00901439 0.966762</x>
            <y>0.965767 0.048686 0.254801</y>
            <z>0.0447709 -0.998773 0.021146</z>
            <e>0.214647 0.0227518 0.0125574</e>
        </box>
    </node>
    <node>
        <type>2</type>
        <ID>Tube01_fixed</ID>
        <box>
            <c>-0.867642 -0.29688 0.468712</c>
            <x>0.257515 0.000965625 -0.966274</x>
            <y>0.00190345 -0.999998 -0.000492053</y>
            <z>0.966273 0.00171254 0.257516</z>
            <e>0.214694 0.197788 0.0222565</e>
        </box>
    </node>
    <node>
        <type>2</type>
        <ID>Tube02_fixed</ID>
        <box>
            <c>-0.867763 0.284236 0.469598</c>
            <x>0.00774668 -0.999293 -0.0367984</x>
            <y>-0.260014 -0.0375466 0.964875</y>
            <z>0.965574 -0.0020935 0.260121</z>
            <e>0.204712 0.209936 0.0223012</e>
        </box>
    </node>
    <node>
        <type>1</type>
        <ID>Tube04_fixed</ID>
        <box>
            <c>-0.868521 -0.0102549 0.468973</c>
            <x>-0.251193 0.0151318 0.967819</x>
            <y>0.934934 -0.255075 0.246646</y>
            <z>-0.250598 -0.966803 -0.0499258</z>
            <e>0.214366 0.0239224 0.0174764</e>
        </box>
    </node>
    <node>
        <type>1</type>
        <ID>Tube05_fixed</ID>
        <box>
            <c>-0.871351 -0.0474054 0.468673</c>
            <x>-0.293222 -0.0136661 0.955947</x>
            <y>-0.0209193 -0.999567 -0.0207063</y>
            <z>-0.955815 0.0260693 -0.292809</z>
            <e>0.214361 0.0131777 0.0259264</e>
        </box>
    </node>
    <node>
        <type>1</type>
        <ID>Tube06_fixed</ID>
        <box>
            <c>-0.869972 -0.597414 0.46809</c>
            <x>-0.276791 -0.00315919 0.960925</x>
            <y>0.0618833 -0.997977 0.0145442</y>
            <z>-0.958936 -0.063491 -0.276426</z>
            <e>0.214424 0.0115888 0.0243959</e>
        </box>
    </node>
    <node>
        <type>1</type>
        <ID>Tube07_fixed</ID>
        <box>
            <c>-0.872393 -0.559531 0.467273</c>
            <x>-0.211512 0.00643738 0.977354</x>
            <y>0.977363 -0.0036015 0.211538</y>
            <z>-0.00488169 -0.999973 0.0055299</z>
            <e>0.214316 0.0277196 0.0118233</e>
        </box>
    </node>
    <node>
        <type>1</type>
        <ID>Tube08_fixed</ID>
        <box>
            <c>-0.867803 0.542552 0.470271</c>
            <x>-0.257711 -0.0283459 0.965806</x>
            <y>-0.0192521 0.999522 0.0241983</y>
            <z>0.96603 0.0123576 0.258133</z>
            <e>0.214311 0.0155917 0.0220792</e>
        </box>
    </node>
    <node>
        <type>1</type>
        <ID>Tube09_fixed</ID>
        <box>
            <c>-0.868134 0.578991 0.470489</c>
            <x>-0.259695 0.00351577 0.965684</x>
            <y>0.0978498 0.994942 0.0226918</y>
            <z>0.960721 -0.100385 0.258725</z>
            <e>0.214438 0.0129631 0.0227714</e>
        </box>
    </node>
    <node>
        <type>1</type>
        <ID>Tube10_fixed</ID>
        <box>
            <c>0.701444 0.58109 0.774687</c>
            <x>0.259281 -0.0183384 0.965628</x>
            <y>-0.0164277 -0.999759 -0.0145756</y>
            <z>-0.965662 0.0120838 0.25952</z>
            <e>0.214502 0.0137289 0.0221106</e>
        </box>
    </node>
    <node>
        <type>2</type>
        <ID>Tube11_fixed</ID>
        <box>
            <c>0.702034 -0.300712 0.773104</c>
            <x>0.000673114 0.999997 0.00223999</x>
            <y>-0.263764 0.00233821 -0.964584</y>
            <z>0.964587 -5.84458e-05 -0.263765</z>
            <e>0.197784 0.214798 0.0226707</e>
        </box>
    </node>
    <node>
        <type>1</type>
        <ID>Tube12_fixed</ID>
        <box>
            <c>0.701486 -0.049796 0.773298</c>
            <x>0.260465 0.0138736 0.965384</x>
            <y>-0.0111078 0.999874 -0.0113723</y>
            <z>0.965419 0.00776123 -0.260586</z>
            <e>0.214365 0.0134149 0.0223412</e>
        </box>
    </node>
    <node>
        <type>1</type>
        <ID>Tube13_fixed</ID>
        <box>
            <c>0.701448 -0.00766301 0.773522</c>
            <x>-0.256637 0.00121341 -0.966507</x>
            <y>0.960213 0.114268 -0.254822</y>
            <z>-0.110132 0.993449 0.0304905</z>
            <e>0.214546 0.0228813 0.0125449</e>
        </box>
    </node>
    <node>
        <type>1</type>
        <ID>Tube14_fixed</ID>
        <box>
            <c>0.70886 0.0308685 0.771807</c>
            <x>0.172972 -0.0154101 0.984806</x>
            <y>-0.984855 -0.0148207 0.172748</y>
            <z>-0.0119334 0.999771 0.0177402</z>
            <e>0.213575 0.0330273 0.0126</e>
        </box>
    </node>
    <node>
        <type>2</type>
        <ID>Tube15_fixed</ID>
        <box>
            <c>0.701303 0.280322 0.774153</c>
            <x>-0.258608 0.0117784 -0.965911</x>
            <y>0.00403702 0.99993 0.0111124</y>
            <z>-0.965974 0.00102566 0.258638</z>
            <e>0.215744 0.199818 0.022521</e>
        </box>
    </node>
    <node>
        <type>1</type>
        <ID>Tube16_fixed</ID>
        <box>
            <c>0.701694 0.542944 0.774396</c>
            <x>0.260252 0.00118933 0.96554</x>
            <y>-0.0194353 0.999803 0.00400705</y>
            <z>0.965345 0.0198084 -0.260224</z>
            <e>0.214333 0.011024 0.0223722</e>
        </box>
    </node>
    <node>
        <type>1</type>
        <ID>Tube17_fixed</ID>
        <box>
            <c>0.701724 -0.558997 0.772371</c>
            <x>0.255438 0.0181146 0.966656</x>
            <y>-0.00604008 0.999835 -0.0171403</y>
            <z>0.966807 0.0014604 -0.255505</z>
            <e>0.214398 0.014334 0.0223743</e>
        </box>
    </node>
    <node>
        <type>1</type>
        <ID>Tube18_fixed</ID>
        <box>
            <c>0.68621 -0.59679 0.775175</c>
            <x>0.196259 -0.00926817 0.980508</x>
            <y>0.0380791 -0.999129 -0.0170661</y>
            <z>-0.979812 -0.0406863 0.195735</z>
            <e>0.214251 0.0116704 0.00857175</e>
        </box>
    </node>
    <node>
        <type>1</type>
        <ID>Tube19_fixed</ID>
        <box>
            <c>-0.891747 0.647723 0.446675</c>
            <x>0.018993 -0.999303 -0.0321345</x>
            <y>0.202098 0.035314 -0.978728</y>
            <z>-0.979181 -0.0120947 -0.202628</z>
            <e>0.0254316 0.460891 0.0679671</e>
        </box>
    </node>
    <node>
        <type>1</type>
        <ID>Tube20_fixed</ID>
        <box>
            <c>0.705274 0.649425 0.777014</c>
            <x>0.272408 0.00864373 0.962143</x>
            <y>0.0439831 0.998802 -0.0214258</y>
            <z>0.961176 -0.0481546 -0.271702</z>
            <e>0.2207 0.013229 0.0355422</e>
        </box>
    </node>
    <node>
        <type>1</type>
        <ID>Tube21_fixed</ID>
        <box>
            <c>0.704382 -0.654782 0.775387</c>
            <x>0.252015 0.00626586 0.967703</x>
            <y>-0.0141977 0.999895 -0.00277686</y>
            <z>0.967619 0.0130393 -0.252078</z>
            <e>0.220744 0.0120502 0.0345273</e>
        </box>
    </node>
    <node>
        <type>1</type>
        <ID>Tube22_fixed</ID>
        <box>
            <c>-0.882224 -0.656891 0.447461</c>
            <x>-0.26668 -0.00120428 0.963784</x>
            <y>-0.963785 -0.000718955 -0.266681</y>
            <z>-0.00101408 0.999999 0.000968939</z>
            <e>0.461678 0.0556976 0.0109797</e>
        </box>
    </node>
    <cL>0</cL>
</document>
