<!--?xml Version = "1.0"?-->
<document>
    <cN>10</cN>
    <node>
        <type>1</type>
        <ID>BarBottom</ID>
        <box>
            <c>0.00567965 0.364718 0.787275</c>
            <x>1 -0.000842918 -0.000227576</x>
            <y>0.000224967 -0.0030941 0.999995</y>
            <z>0.000843618 0.999995 0.00309391</z>
            <e>0.372523 0.0648982 0.0355765</e>
        </box>
    </node>
    <node>
        <type>1</type>
        <ID>BarLeft</ID>
        <box>
            <c>0.413207 0.3645 0.948298</c>
            <x>-0.00162602 0.000699583 0.999998</x>
            <y>0.00216681 0.999997 -0.000696059</y>
            <z>0.999996 -0.00216567 0.00162754</z>
            <e>0.503148 0.0357218 0.044255</e>
        </box>
    </node>
    <node>
        <type>1</type>
        <ID>BarMiddle</ID>
        <box>
            <c>0.00584454 0.364499 1.09401</c>
            <x>0.999988 3.87093e-05 -0.00489576</x>
            <y>-0.00489567 -0.0020393 -0.999986</y>
            <z>4.86926e-05 -0.999998 0.00203908</z>
            <e>0.373094 0.0658281 0.0353872</e>
        </box>
    </node>
    <node>
        <type>1</type>
        <ID>BarRight</ID>
        <box>
            <c>-0.405413 0.364685 0.948156</c>
            <x>0.99997 -0.0076302 0.00161338</x>
            <y>-0.00162213 -0.00114068 0.999998</y>
            <z>0.00762835 0.99997 0.00115302</z>
            <e>0.0446287 0.503651 0.0347097</e>
        </box>
    </node>
    <node>
        <type>1</type>
        <ID>BarTop</ID>
        <box>
            <c>0.00537693 0.364656 1.40064</c>
            <x>-0.999979 -0.000975256 -0.00640287</x>
            <y>0.00640268 0.000197834 -0.999979</y>
            <z>-0.000976503 1 0.000191586</z>
            <e>0.37304 0.066103 0.0355911</e>
        </box>
    </node>
    <node>
        <type>1</type>
        <ID>LegBackLeft</ID>
        <box>
            <c>0.399799 0.365516 0.138079</c>
            <x>0.00285045 0.999971 0.00707887</x>
            <y>-0.999988 0.00282133 0.00411988</y>
            <z>-0.00409978 0.00709052 -0.999966</z>
            <e>0.0253144 0.0332501 0.20044</e>
        </box>
    </node>
    <node>
        <type>1</type>
        <ID>LegBackRight</ID>
        <box>
            <c>-0.396419 0.365569 0.138331</c>
            <x>-0.0018286 0.000418553 -0.999998</x>
            <y>-0.999981 -0.00589172 0.00182611</y>
            <z>0.00589094 -0.999983 -0.000429319</z>
            <e>0.200361 0.0327273 0.0241304</e>
        </box>
    </node>
    <node>
        <type>1</type>
        <ID>LegFrontLeft</ID>
        <box>
            <c>0.400006 -0.397467 0.138385</c>
            <x>-0.999992 -0.00385935 0.000431854</x>
            <y>0.000424859 0.00181332 0.999998</y>
            <z>0.00386013 -0.999991 0.00181167</z>
            <e>0.0324141 0.200304 0.0246317</e>
        </box>
    </node>
    <node>
        <type>1</type>
        <ID>LegFrontRight</ID>
        <box>
            <c>-0.394822 -0.397289 0.138287</c>
            <x>-1 0.000657186 -9.02199e-05</x>
            <y>-9.04282e-05 -0.000316889 1</y>
            <z>-0.000657158 -1 -0.000316949</z>
            <e>0.0321753 0.200374 0.0243182</e>
        </box>
    </node>
    <node>
        <type>2</type>
        <ID>Seat</ID>
        <box>
            <c>-0.00168886 -0.000145505 0.393271</c>
            <x>0.00848392 -0.999952 0.00483158</x>
            <y>0.00461099 0.00487082 0.999978</y>
            <z>0.999953 0.00846145 -0.00465209</z>
            <e>0.465504 0.0627352 0.488266</e>
        </box>
    </node>
    <cL>0</cL>
</document>
