<!--?xml Version = "1.0"?-->
<document>
    <cN>10</cN>
    <node>
        <type>1</type>
        <ID>BarBottom</ID>
        <box>
            <c>0.00581439 0.364756 0.787647</c>
            <x>-0.999994 -0.000435934 -0.00353073</x>
            <y>0.00352931 0.00321286 -0.999989</y>
            <z>-0.000447273 0.999995 0.0032113</z>
            <e>0.372988 0.0653976 0.0353499</e>
        </box>
    </node>
    <node>
        <type>1</type>
        <ID>BarLeft</ID>
        <box>
            <c>0.412892 0.363492 0.948981</c>
            <x>0.999994 -0.00337994 0.000805291</x>
            <y>0.000811823 0.00193153 -0.999998</y>
            <z>-0.00337837 -0.999992 -0.00193426</z>
            <e>0.0440514 0.504209 0.0355278</e>
        </box>
    </node>
    <node>
        <type>1</type>
        <ID>BarMiddle</ID>
        <box>
            <c>0.00567862 0.364506 1.0943</c>
            <x>0.999999 -0.000377024 -0.00126096</x>
            <y>-0.00126044 0.00136529 -0.999998</y>
            <z>-0.000378745 -0.999999 -0.00136481</z>
            <e>0.372884 0.0653673 0.0354674</e>
        </box>
    </node>
    <node>
        <type>1</type>
        <ID>BarRight</ID>
        <box>
            <c>-0.406632 0.364916 0.949341</c>
            <x>-0.000166258 -0.00555591 0.999985</x>
            <y>0.00841479 -0.999949 -0.00555431</y>
            <z>-0.999965 -0.00841374 -0.000213001</z>
            <e>0.504019 0.037717 0.045002</e>
        </box>
    </node>
    <node>
        <type>1</type>
        <ID>BarTop</ID>
        <box>
            <c>0.00601328 0.36436 1.39976</c>
            <x>-0.999953 0.00188539 0.00950447</x>
            <y>0.00951123 0.00360952 0.999948</y>
            <z>-0.00185098 -0.999992 0.00362728</z>
            <e>0.373092 0.0664759 0.0355568</e>
        </box>
    </node>
    <node>
        <type>1</type>
        <ID>LegBackLeft</ID>
        <box>
            <c>0.400139 0.365138 0.13852</c>
            <x>-0.00205459 0.00124094 0.999997</x>
            <y>0.00129081 0.999998 -0.00123829</y>
            <z>0.999997 -0.00128826 0.00205619</z>
            <e>0.200299 0.024471 0.0322986</e>
        </box>
    </node>
    <node>
        <type>1</type>
        <ID>LegBackRight</ID>
        <box>
            <c>-0.396301 0.36553 0.13829</c>
            <x>-0.000289235 -0.000208647 1</x>
            <y>0.999979 -0.00654006 0.000287864</y>
            <z>0.00654 0.999979 0.000210534</z>
            <e>0.200112 0.0325725 0.0242541</e>
        </box>
    </node>
    <node>
        <type>1</type>
        <ID>LegFrontLeft</ID>
        <box>
            <c>0.400406 -0.396667 0.138313</c>
            <x>-0.999951 -0.00988811 -0.000483801</x>
            <y>0.000460919 0.00231627 -0.999997</y>
            <z>-0.0098892 0.999948 0.0023116</z>
            <e>0.0324074 0.200396 0.0249301</e>
        </box>
    </node>
    <node>
        <type>1</type>
        <ID>LegFrontRight</ID>
        <box>
            <c>-0.394545 -0.396881 0.138203</c>
            <x>0.999991 0.00423788 0.000814639</x>
            <y>-0.000808949 -0.00134422 0.999999</y>
            <z>-0.00423897 0.99999 0.00134078</z>
            <e>0.0325492 0.200437 0.0246126</e>
        </box>
    </node>
    <node>
        <type>2</type>
        <ID>Seat</ID>
        <box>
            <c>-0.00257903 -0.0020792 0.393414</c>
            <x>-0.0580902 0.998308 0.00244797</x>
            <y>-0.00203753 -0.00257067 0.999995</y>
            <z>-0.998309 -0.0580849 -0.00218341</z>
            <e>0.468223 0.0609542 0.490877</e>
        </box>
    </node>
    <cL>0</cL>
</document>
