<!--?xml Version = "1.0"?-->
<document>
    <cN>5</cN>
    <node>
        <type>2</type>
        <ID>Back</ID>
        <box>
            <c>0.00397474 0.297956 0.895388</c>
            <x>0.999715 0.00682565 -0.0228785</x>
            <y>0.0219999 0.108899 0.993809</y>
            <z>-0.00927484 0.994029 -0.108718</z>
            <e>0.344002 0.153429 0.0424823</e>
        </box>
    </node>
    <node>
        <type>1</type>
        <ID>BottomBar</ID>
        <box>
            <c>-0.00012915 0.243448 0.0132535</c>
            <x>0.999993 0.00351646 0.00113292</x>
            <y>0.000339469 0.217899 -0.975971</y>
            <z>0.00367883 -0.975965 -0.217896</z>
            <e>0.339698 0.0250486 0.0248593</e>
        </box>
    </node>
    <node>
        <type>2</type>
        <ID>LeftLeg</ID>
        <box>
            <c>0.354847 -0.0133243 0.451446</c>
            <x>-0.00406954 0.00318567 0.999987</x>
            <y>-0.99998 -0.00486646 -0.00405401</y>
            <z>-0.00485348 0.999983 -0.00320541</z>
            <e>0.470777 0.0350365 0.341628</e>
        </box>
    </node>
    <node>
        <type>2</type>
        <ID>RightLeg</ID>
        <box>
            <c>-0.355697 -0.0161277 0.452147</c>
            <x>0.000257788 -0.0134812 -0.999909</x>
            <y>0.000442909 0.999909 -0.0134811</y>
            <z>-1 0.000439393 -0.000263735</z>
            <e>0.472845 0.338324 0.0322372</e>
        </box>
    </node>
    <node>
        <type>2</type>
        <ID>Seat</ID>
        <box>
            <c>0.000886613 -0.045152 0.545405</c>
            <x>-0.99999 -0.00446623 -2.20613e-05</x>
            <y>0.00446592 -0.999958 0.00798046</y>
            <z>5.77029e-05 -0.00798028 -0.999968</z>
            <e>0.332331 0.267977 0.044868</e>
        </box>
    </node>
    <cL>0</cL>
</document>
