<!--?xml Version = "1.0"?-->
<document>
    <cN>41</cN>
    <node>
        <type>2</type>
        <ID>Box001</ID>
        <box>
            <c>-12.3098 25.566 11.0297</c>
            <x>-0.999999 -0.00134045 0</x>
            <y>-0.00134045 0.999999 -1.19016e-13</y>
            <z>-8.9256e-17 -1.18213e-13 -1</z>
            <e>14.331 8.43001 0.281</e>
        </box>
    </node>
    <node>
        <type>2</type>
        <ID>Box002</ID>
        <box>
            <c>-26.3598 25.5472 5.4097</c>
            <x>0.00134036 -0.999999 0</x>
            <y>0 0 1</y>
            <z>-0.999999 -0.00134036 0</z>
            <e>8.43003 5.62 0.281001</e>
        </box>
    </node>
    <node>
        <type>2</type>
        <ID>Box003</ID>
        <box>
            <c>1.7401 25.5849 5.4097</c>
            <x>0.00134046 -0.999999 0</x>
            <y>0 0 1</y>
            <z>-0.999999 -0.00134046 -1.52528e-17</z>
            <e>8.43001 5.62 0.281</e>
        </box>
    </node>
    <node>
        <type>2</type>
        <ID>Box004</ID>
        <box>
            <c>-12.3208 33.715 5.4097</c>
            <x>0.999999 0.00133976 0</x>
            <y>0 1.42109e-14 -1</y>
            <z>-0.00133976 0.999999 1.26431e-14</z>
            <e>14.331 5.62 0.281</e>
        </box>
    </node>
    <node>
        <type>2</type>
        <ID>Box006</ID>
        <box>
            <c>-26.3636 28.3572 18.0547</c>
            <x>0 0 1</x>
            <y>-0.0013343 0.999999 0</y>
            <z>-0.999999 -0.0013343 -9.02188e-16</z>
            <e>7.025 5.62003 0.281002</e>
        </box>
    </node>
    <node>
        <type>2</type>
        <ID>Box007</ID>
        <box>
            <c>1.73635 28.3949 18.0547</c>
            <x>0 0 1</x>
            <y>-0.00134366 0.999999 0</y>
            <z>-0.999999 -0.00134366 -8.46005e-17</z>
            <e>7.025 5.62003 0.281002</e>
        </box>
    </node>
    <node>
        <type>2</type>
        <ID>Box008</ID>
        <box>
            <c>-12.3136 28.376 18.0547</c>
            <x>-0.00133452 0.999999 0</x>
            <y>-1.77636e-15 0 -1</y>
            <z>-0.999999 -0.00133452 9.01668e-16</z>
            <e>5.62001 7.025 0.281</e>
        </box>
    </node>
    <node>
        <type>2</type>
        <ID>Box009</ID>
        <box>
            <c>-12.3136 28.376 25.3607</c>
            <x>-0.999999 -0.00133975 0</x>
            <y>-0.00133975 0.999999 2.45137e-13</y>
            <z>4.49049e-17 2.44012e-13 -1</z>
            <e>14.331 5.62001 0.281</e>
        </box>
    </node>
    <node>
        <type>2</type>
        <ID>Box010</ID>
        <box>
            <c>-12.3136 28.376 16.9307</c>
            <x>-0.999999 -0.00133975 0</x>
            <y>-0.00133975 0.999999 1.66978e-13</y>
            <z>2.30192e-17 1.67837e-13 -1</z>
            <e>14.331 5.62001 0.281</e>
        </box>
    </node>
    <node>
        <type>2</type>
        <ID>top</ID>
        <box>
            <c>-6.8245 0.51455 10.1909</c>
            <x>1 0 0</x>
            <y>0 -1 0</y>
            <z>0 0 -1</z>
            <e>16.25 5.33395 0.25</e>
        </box>
    </node>
    <node>
        <type>2</type>
        <ID>right</ID>
        <box>
            <c>3.30825 0.51455 5.17158</c>
            <x>-0.422618 -1.11022e-16 0.906308</x>
            <y>0 1 0</y>
            <z>-0.906308 -5.27789e-17 -0.422618</z>
            <e>5.25003 5.33395 0.25004</e>
        </box>
    </node>
    <node>
        <type>2</type>
        <ID>middle</ID>
        <box>
            <c>-6.8245 0.5145 5.3686</c>
            <x>-1 0 0</x>
            <y>0 5.55112e-17 1</y>
            <z>0 1 -5.55112e-17</z>
            <e>12.5 5 0.1778</e>
        </box>
    </node>
    <node>
        <type>2</type>
        <ID>right001</ID>
        <box>
            <c>-16.96 0.51455 5.17158</c>
            <x>0 1 0</x>
            <y>-0.422618 2.22045e-16 -0.906308</y>
            <z>-0.906308 0 0.422618</z>
            <e>5.33395 5.25003 0.25004</e>
        </box>
    </node>
    <node>
        <type>2</type>
        <ID>s043</ID>
        <box>
            <c>30.1623 -15.0157 3.91225</c>
            <x>0 3.01981e-14 1</x>
            <y>-0.999784 0.0207794 0</y>
            <z>-0.0207794 -0.999784 3.04689e-14</z>
            <e>3.67215 4.74909 0.18368</e>
        </box>
    </node>
    <node>
        <type>2</type>
        <ID>s044</ID>
        <box>
            <c>30.1841 -12.511 18.6007</c>
            <x>0 0 1</x>
            <y>0.999784 -0.0207791 0</y>
            <z>0.0207791 0.999784 0</z>
            <e>11.0163 4.74909 0.183679</e>
        </box>
    </node>
    <node>
        <type>2</type>
        <ID>m0</ID>
        <box>
            <c>30.3529 6.967 0.2401</c>
            <x>-0.00867122 -0.999962 -5.55112e-17</x>
            <y>-0.999962 0.00867122 0</y>
            <z>3.00538e-19 3.62036e-17 -1</z>
            <e>27.5968 4.74653 0.1836</e>
        </box>
    </node>
    <node>
        <type>2</type>
        <ID>m1</ID>
        <box>
            <c>30.4885 22.5981 11.2565</c>
            <x>-0.00867027 -0.999962 8.52651e-14</x>
            <y>-0.999962 0.00867027 0</y>
            <z>-7.56873e-17 -8.53141e-14 -1</z>
            <e>10.1551 4.74653 0.1836</e>
        </box>
    </node>
    <node>
        <type>2</type>
        <ID>m3</ID>
        <box>
            <c>30.2574 -4.04835 7.5844</c>
            <x>-0.00867055 -0.999962 -5.32907e-15</x>
            <y>-0.999962 0.00867055 0</y>
            <z>3.67199e-17 5.05738e-15 -1</z>
            <e>14.745 4.74653 0.1836</e>
        </box>
    </node>
    <node>
        <type>2</type>
        <ID>s12</ID>
        <box>
            <c>30.4434 17.4065 5.7483</c>
            <x>0.999784 -0.0207791 0</x>
            <y>0 3.19744e-14 1</y>
            <z>-0.0207791 -0.999784 3.03078e-14</z>
            <e>4.74909 5.5082 0.183679</e>
        </box>
    </node>
    <node>
        <type>2</type>
        <ID>s11</ID>
        <box>
            <c>30.5374 28.2382 5.7483</c>
            <x>0.999784 -0.0207793 8.88178e-16</x>
            <y>0 6.03961e-14 1</y>
            <z>-0.0207793 -0.999784 6.12605e-14</z>
            <e>4.74904 5.5082 0.183679</e>
        </box>
    </node>
    <node>
        <type>2</type>
        <ID>s32</ID>
        <box>
            <c>30.259 -3.86475 3.91225</c>
            <x>-0.999784 0.0207794 0</x>
            <y>0 0 1</y>
            <z>0.0207794 0.999784 0</z>
            <e>4.74909 3.67215 0.18368</e>
        </box>
    </node>
    <node>
        <type>2</type>
        <ID>s31</ID>
        <box>
            <c>30.353 6.96705 3.91225</c>
            <x>-0.999784 0.0207738 0</x>
            <y>0 0 1</y>
            <z>0.0207738 0.999784 0</z>
            <e>4.74909 3.67215 0.183654</e>
        </box>
    </node>
    <node>
        <type>2</type>
        <ID>s045</ID>
        <box>
            <c>30.3454 -7.5864 18.6007</c>
            <x>0.999784 -0.0207776 0</x>
            <y>3.55271e-15 9.59233e-14 1</y>
            <z>-0.0207776 -0.999784 9.59219e-14</z>
            <e>4.63041 11.0163 0.183656</e>
        </box>
    </node>
    <node>
        <type>2</type>
        <ID>s42</ID>
        <box>
            <c>30.1756 0.2065 18.6007</c>
            <x>0.999784 -0.0207778 0</x>
            <y>3.55271e-15 1.27898e-13 1</y>
            <z>-0.0207778 -0.999784 1.27923e-13</z>
            <e>4.63036 11.0163 0.183656</e>
        </box>
    </node>
    <node>
        <type>2</type>
        <ID>s41</ID>
        <box>
            <c>30.3371 5.13115 18.6007</c>
            <x>0.999784 -0.0207741 0</x>
            <y>3.55271e-15 1.2168e-13 1</y>
            <z>-0.0207741 -0.999784 1.21635e-13</z>
            <e>4.74909 11.0163 0.183655</e>
        </box>
    </node>
    <node>
        <type>2</type>
        <ID>m005</ID>
        <box>
            <c>30.2618 -3.54435 29.6421</c>
            <x>-0.00867393 -0.999962 1.7053e-13</x>
            <y>-0.999962 0.00867393 0</y>
            <z>1.08857e-16 -1.7017e-13 -1</z>
            <e>11.0731 4.74653 0.1836</e>
        </box>
    </node>
    <node>
        <type>2</type>
        <ID>Box014</ID>
        <box>
            <c>3.0918 -2.17705 40.0222</c>
            <x>0 -1 0</x>
            <y>1 0 0</y>
            <z>0 0 1</z>
            <e>40.1891 35.1773 0.5</e>
        </box>
    </node>
    <node>
        <type>2</type>
        <ID>Box015</ID>
        <box>
            <c>3.0918 -2.17705 0.1352</c>
            <x>0 -1 0</x>
            <y>1 0 0</y>
            <z>0 0 1</z>
            <e>40.1891 35.1773 0.25</e>
        </box>
    </node>
    <node>
        <type>2</type>
        <ID>Box017</ID>
        <box>
            <c>-31.6051 36.9263 19.9669</c>
            <x>0 0 1</x>
            <y>0 -1 0</y>
            <z>1 0 0</z>
            <e>19.9669 1 0.15</e>
        </box>
    </node>
    <node>
        <type>2</type>
        <ID>Box018</ID>
        <box>
            <c>38.1043 -41.2295 19.9669</c>
            <x>0 0 -1</x>
            <y>0 1 0</y>
            <z>1 0 0</z>
            <e>19.9669 1 0.15</e>
        </box>
    </node>
    <node>
        <type>2</type>
        <ID>Box019</ID>
        <box>
            <c>38.1043 36.9263 19.9669</c>
            <x>0 0 -1</x>
            <y>0 1 0</y>
            <z>1 0 0</z>
            <e>19.9669 1 0.15</e>
        </box>
    </node>
    <node>
        <type>2</type>
        <ID>top001</ID>
        <box>
            <c>-7.0496 -25.7643 10.1909</c>
            <x>1 0 0</x>
            <y>0 1 0</y>
            <z>0 0 1</z>
            <e>16.25 5.33275 0.25</e>
        </box>
    </node>
    <node>
        <type>2</type>
        <ID>right002</ID>
        <box>
            <c>3.08309 -25.7643 5.17159</c>
            <x>-0.422618 0 0.906308</x>
            <y>0 1 0</y>
            <z>-0.906308 -1.40775e-16 -0.422618</z>
            <e>5.25004 5.33275 0.249995</e>
        </box>
    </node>
    <node>
        <type>2</type>
        <ID>middle001</ID>
        <box>
            <c>-7.0496 -25.7643 5.3686</c>
            <x>1 0 0</x>
            <y>0 0 1</y>
            <z>0 -1 7.10543e-16</z>
            <e>12.5 5 0.17775</e>
        </box>
    </node>
    <node>
        <type>2</type>
        <ID>right003</ID>
        <box>
            <c>-17.1852 -25.7643 5.17159</c>
            <x>-0.422618 0 -0.906308</x>
            <y>-3.55271e-15 -1 8.88178e-16</y>
            <z>-0.906308 2.53396e-15 0.422618</z>
            <e>5.25004 5.33275 0.249995</e>
        </box>
    </node>
    <node>
        <type>2</type>
        <ID>Box020</ID>
        <box>
            <c>14.7131 -19.2771 5.96</c>
            <x>-0.98861 -0.150499 -8.88178e-16</x>
            <y>0.150499 -0.98861 -8.88178e-16</y>
            <z>-3.59354e-16 -7.18732e-16 1</z>
            <e>2.50002 2.50002 0.125</e>
        </box>
    </node>
    <node>
        <type>2</type>
        <ID>Box021</ID>
        <box>
            <c>14.7131 -19.2771 0.4927</c>
            <x>-0.98861 -0.150499 -8.32667e-17</x>
            <y>0.150499 -0.98861 -3.33067e-16</y>
            <z>-3.36854e-17 -3.48134e-16 1</z>
            <e>2.50002 2.50002 0.25</e>
        </box>
    </node>
    <node>
        <type>2</type>
        <ID>Box022</ID>
        <box>
            <c>14.7176 -19.307 3.32707</c>
            <x>0.0987734 -0.648919 0.754419</x>
            <y>-0.988613 -0.150479 -4.05739e-07</y>
            <z>0.113525 -0.745828 -0.656394</z>
            <e>3.50003 2.50002 0.125019</e>
        </box>
    </node>
    <node>
        <type>2</type>
        <ID>Box023</ID>
        <box>
            <c>-9.25917 -37.1528 5.96</c>
            <x>-0.827752 -0.561094 -8.88178e-16</x>
            <y>0.561094 -0.827752 8.88178e-16</y>
            <z>-1.27256e-15 5.31086e-18 1</z>
            <e>2.50002 2.50005 0.125</e>
        </box>
    </node>
    <node>
        <type>2</type>
        <ID>Box024</ID>
        <box>
            <c>-9.27616 -37.1278 3.32707</c>
            <x>0.368303 -0.54333 -0.754417</x>
            <y>-0.827747 -0.561101 1.61266e-06</y>
            <z>-0.423305 0.624466 -0.656396</z>
            <e>3.50007 2.50002 0.125042</e>
        </box>
    </node>
    <node>
        <type>2</type>
        <ID>Box025</ID>
        <box>
            <c>-9.25917 -37.1528 0.4927</c>
            <x>-0.827752 -0.561094 -2.77556e-17</x>
            <y>0.561094 -0.827752 2.498e-16</y>
            <z>-1.68649e-16 2.04108e-16 1</z>
            <e>2.50002 2.50005 0.25</e>
        </box>
    </node>
    <cL>0</cL>
</document>
