<!--?xml Version = "1.0"?-->
<document>
    <cN>12</cN>
    <node>
        <type>2</type>
        <ID>Back</ID>
        <box>
            <c>0.00435076 0.257765 0.921117</c>
            <x>-0.99964 0.0267877 0.00134707</x>
            <y>0.0137812 0.46989 0.882617</y>
            <z>-0.0230103 -0.882318 0.470091</z>
            <e>0.288013 0.139358 0.0278816</e>
        </box>
    </node>
    <node>
        <type>2</type>
        <ID>BackTop</ID>
        <box>
            <c>0.0155058 0.289819 0.966809</c>
            <x>0.988426 -0.0997594 -0.114291</x>
            <y>-0.150894 -0.568726 -0.808568</y>
            <z>-0.0156618 -0.816455 0.577197</z>
            <e>0.318174 0.13093 0.0191394</e>
        </box>
    </node>
    <node>
        <type>1</type>
        <ID>BarLeft</ID>
        <box>
            <c>0.30126 0.114274 0.728606</c>
            <x>0.728988 0.560491 -0.392972</x>
            <y>-0.684495 0.602413 -0.410568</y>
            <z>-0.00661182 -0.568286 -0.822805</z>
            <e>0.0207437 0.0197604 0.211275</e>
        </box>
    </node>
    <node>
        <type>1</type>
        <ID>BarRight</ID>
        <box>
            <c>-0.299033 0.125222 0.728633</c>
            <x>-0.0112659 -0.581564 -0.813423</x>
            <y>0.266849 -0.785721 0.558062</y>
            <z>0.963673 0.210774 -0.164041</z>
            <e>0.211331 0.0182529 0.0181751</e>
        </box>
    </node>
    <node>
        <type>1</type>
        <ID>ConnectorLeft</ID>
        <box>
            <c>0.320762 0.0351887 0.570575</c>
            <x>0.0160719 -0.915446 -0.402121</x>
            <y>-0.0205103 0.401786 -0.915504</y>
            <z>-0.99966 -0.0229615 0.0123186</z>
            <e>0.0735811 0.0101582 0.00361471</e>
        </box>
    </node>
    <node>
        <type>1</type>
        <ID>ConnectorRight</ID>
        <box>
            <c>-0.320529 0.046316 0.570415</c>
            <x>0.0168467 0.923543 0.383124</x>
            <y>0.0017929 0.38315 -0.923685</y>
            <z>0.999856 -0.0162479 -0.00479897</z>
            <e>0.0735127 0.00986592 0.00349177</e>
        </box>
    </node>
    <node>
        <type>1</type>
        <ID>LeftFrontLeft</ID>
        <box>
            <c>0.302284 -0.210228 0.273664</c>
            <x>0.0127124 -0.580069 -0.814468</x>
            <y>0.731386 -0.550037 0.403155</y>
            <z>0.681846 0.600815 -0.417262</z>
            <e>0.356106 0.0185398 0.0185773</e>
        </box>
    </node>
    <node>
        <type>1</type>
        <ID>LeftFrontRight</ID>
        <box>
            <c>-0.304829 -0.199526 0.273311</c>
            <x>-0.00845377 -0.580729 -0.814053</x>
            <y>-0.200674 0.798506 -0.567554</y>
            <z>-0.979622 -0.158561 0.123288</z>
            <e>0.35605 0.0187965 0.0187838</e>
        </box>
    </node>
    <node>
        <type>1</type>
        <ID>LegBackLeft</ID>
        <box>
            <c>0.303031 0.231978 0.31387</c>
            <x>0.936428 -0.317021 -0.150335</x>
            <y>-0.35058 -0.828309 -0.437032</y>
            <z>-0.0140243 -0.461954 0.886793</z>
            <e>0.0204827 0.019393 0.375535</e>
        </box>
    </node>
    <node>
        <type>1</type>
        <ID>LegBackRight</ID>
        <box>
            <c>-0.297448 0.243147 0.314126</c>
            <x>-0.000395872 -0.468067 0.883693</x>
            <y>0.918211 -0.350194 -0.185077</y>
            <z>-0.396092 -0.811343 -0.429923</z>
            <e>0.37561 0.0209426 0.0181266</e>
        </box>
    </node>
    <node>
        <type>2</type>
        <ID>Seat</ID>
        <box>
            <c>-0.00279274 -0.0764744 0.493089</c>
            <x>0.0181233 0.999836 2.86993e-05</x>
            <y>-0.99983 0.0181233 -0.00341</y>
            <z>0.00340996 -3.31061e-05 -0.999994</z>
            <e>0.282532 0.282828 0.045697</e>
        </box>
    </node>
    <node>
        <type>1</type>
        <ID>UnderbarBack</ID>
        <box>
            <c>0.00571428 0.283846 0.231166</c>
            <x>-0.0130401 -0.706696 0.707397</x>
            <y>-0.999832 0.0183191 -0.000129766</y>
            <z>0.0128672 0.70728 0.706816</z>
            <e>0.0121113 0.312814 0.0118642</e>
        </box>
    </node>
    <cL>0</cL>
</document>
