<!--?xml Version = "1.0"?-->
<document>
    <cN>11</cN>
    <node>
        <type>2</type>
        <ID>Back</ID>
        <box>
            <c>0.000465443 0.2714 0.909458</c>
            <x>0.99934 0.00865976 0.0352809</x>
            <y>-0.0337028 0.583486 0.811424</y>
            <z>0.0135592 0.812077 -0.583393</z>
            <e>0.289732 0.145675 0.02827</e>
        </box>
    </node>
    <node>
        <type>1</type>
        <ID>BarLeft</ID>
        <box>
            <c>0.30117 0.114656 0.728638</c>
            <x>-0.00851309 -0.579718 -0.814773</x>
            <y>0.690268 0.586127 -0.424247</y>
            <z>-0.723503 0.566024 -0.395171</z>
            <e>0.211202 0.0186387 0.0182755</e>
        </box>
    </node>
    <node>
        <type>1</type>
        <ID>BarRight</ID>
        <box>
            <c>-0.299069 0.124904 0.728649</c>
            <x>0.0123624 0.578253 0.815764</x>
            <y>0.682061 -0.601446 0.415998</y>
            <z>-0.73119 -0.551258 0.40184</z>
            <e>0.211263 0.0188639 0.0180781</e>
        </box>
    </node>
    <node>
        <type>1</type>
        <ID>ConnectorLeft</ID>
        <box>
            <c>0.320798 0.0352181 0.570415</c>
            <x>0.0162389 -0.917848 -0.396601</x>
            <y>-0.0117429 0.396451 -0.917981</y>
            <z>-0.999799 -0.0195642 0.00434026</z>
            <e>0.0735632 0.00982849 0.00358538</e>
        </box>
    </node>
    <node>
        <type>1</type>
        <ID>ConnectorRight</ID>
        <box>
            <c>-0.320279 0.0462598 0.570522</c>
            <x>-0.0280808 0.389313 -0.920678</x>
            <y>-0.0173751 -0.921092 -0.388958</y>
            <z>0.999455 -0.00507461 -0.0326293</z>
            <e>0.0092971 0.0735567 0.00386194</e>
        </box>
    </node>
    <node>
        <type>1</type>
        <ID>LeftFrontLeft</ID>
        <box>
            <c>0.302025 -0.210298 0.273227</c>
            <x>0.00721858 -0.579973 -0.814604</x>
            <y>0.27062 0.78536 -0.556754</y>
            <z>-0.962659 0.216429 -0.162622</z>
            <e>0.355767 0.0185745 0.0191683</e>
        </box>
    </node>
    <node>
        <type>1</type>
        <ID>LeftFrontRight</ID>
        <box>
            <c>-0.304665 -0.199743 0.273611</c>
            <x>0.013346 0.59171 0.80604</x>
            <y>0.260607 0.776193 -0.574115</y>
            <z>0.965353 -0.217722 0.143845</z>
            <e>0.355782 0.0227963 0.0188325</e>
        </box>
    </node>
    <node>
        <type>1</type>
        <ID>LegBackLeft</ID>
        <box>
            <c>0.303396 0.232313 0.313208</c>
            <x>0.00276765 0.472884 -0.88112</x>
            <y>-0.683799 0.643823 0.343382</y>
            <z>-0.729665 -0.601559 -0.32514</z>
            <e>0.374976 0.0215018 0.0182826</e>
        </box>
    </node>
    <node>
        <type>1</type>
        <ID>LegBackRight</ID>
        <box>
            <c>-0.296818 0.242563 0.314125</c>
            <x>-0.597108 0.714472 0.364679</x>
            <y>0.802143 0.534848 0.265526</y>
            <z>0.00533687 -0.451072 0.892471</z>
            <e>0.0200099 0.0256405 0.375811</e>
        </box>
    </node>
    <node>
        <type>2</type>
        <ID>Seat</ID>
        <box>
            <c>-0.00301042 -0.0763538 0.492351</c>
            <x>-0.0204558 -0.999736 -0.0104763</x>
            <y>-0.00757297 0.0106331 -0.999915</y>
            <z>-0.999762 0.0203747 0.00778848</z>
            <e>0.283103 0.048565 0.282608</e>
        </box>
    </node>
    <node>
        <type>1</type>
        <ID>UnderbarBack</ID>
        <box>
            <c>0.00557811 0.28385 0.232044</c>
            <x>-0.999845 0.0175956 0.000998336</x>
            <y>0.00985475 0.605149 -0.796051</y>
            <z>0.0146111 0.795918 0.605228</z>
            <e>0.313035 0.0117676 0.0122917</e>
        </box>
    </node>
    <cL>0</cL>
</document>
