<!--?xml Version = "1.0"?-->
<document>
    <cN>19</cN>
    <node>
        <type>2</type>
        <ID>Bed</ID>
        <box>
            <c>0.000917092 -0.000397137 0.259924</c>
            <x>1 -0.000227877 0.00044401</x>
            <y>-0.000227033 -0.999998 -0.00189911</y>
            <z>-0.000444442 -0.00189901 0.999998</z>
            <e>0.999847 0.800418 0.125873</e>
        </box>
    </node>
    <node>
        <type>1</type>
        <ID>BottomRail01</ID>
        <box>
            <c>0.00500446 -0.815252 0.110048</c>
            <x>-0.999985 -0.00240008 -0.00482806</x>
            <y>0.00530675 -0.279773 -0.960052</y>
            <z>-0.000953442 0.960063 -0.279782</z>
            <e>1.01926 0.0320629 0.0262955</e>
        </box>
    </node>
    <node>
        <type>1</type>
        <ID>BottomRail02</ID>
        <box>
            <c>1.01257 -0.000270816 0.167114</c>
            <x>-0.00251006 -0.999995 0.00165891</x>
            <y>-0.849134 0.00300758 0.528168</y>
            <z>0.528171 8.29022e-05 0.849138</z>
            <e>0.824749 0.0229965 0.0213078</e>
        </box>
    </node>
    <node>
        <type>1</type>
        <ID>BottomRail03</ID>
        <box>
            <c>0.00531204 0.811417 0.11089</c>
            <x>0.00184317 0.753124 -0.657876</x>
            <y>0.999996 -0.00287282 -0.000487063</y>
            <z>0.00225678 0.657872 0.753126</z>
            <e>0.0273034 1.01978 0.0267437</e>
        </box>
    </node>
    <node>
        <type>1</type>
        <ID>Leg01</ID>
        <box>
            <c>1.01842 -0.807562 1.06077</c>
            <x>-0.00736061 -0.00716113 0.999947</x>
            <y>-0.453784 0.891107 0.00304137</y>
            <z>0.891081 0.453738 0.00980869</z>
            <e>1.13726 0.044919 0.0445779</e>
        </box>
    </node>
    <node>
        <type>1</type>
        <ID>Leg02</ID>
        <box>
            <c>1.01843 0.799009 1.06085</c>
            <x>0.00480967 -0.0106217 -0.999932</x>
            <y>-0.9427 0.333545 -0.00807745</y>
            <z>-0.333608 -0.942674 0.00840885</z>
            <e>1.13727 0.045174 0.0442515</e>
        </box>
    </node>
    <node>
        <type>1</type>
        <ID>Leg03</ID>
        <box>
            <c>-1.02429 0.809024 1.06097</c>
            <x>-0.987231 0.158584 0.0150571</x>
            <y>0.158453 0.987321 -0.00952275</y>
            <z>0.0163763 0.00701531 0.999841</z>
            <e>0.0520212 0.0456941 1.13708</e>
        </box>
    </node>
    <node>
        <type>1</type>
        <ID>Leg04</ID>
        <box>
            <c>-1.01421 -0.823725 1.06078</c>
            <x>-0.00430268 -0.00698956 -0.999966</x>
            <y>-0.974623 0.223838 0.00262905</y>
            <z>-0.223812 -0.974601 0.00777529</z>
            <e>1.13759 0.0432755 0.0438488</e>
        </box>
    </node>
    <node>
        <type>1</type>
        <ID>Rail01</ID>
        <box>
            <c>1.01 -0.000230913 1.89215</c>
            <x>-0.00520432 -0.999986 -0.000473912</x>
            <y>-0.449843 0.00276442 -0.893104</y>
            <z>-0.893093 0.00443481 0.449851</z>
            <e>0.824704 0.0270561 0.0246288</e>
        </box>
    </node>
    <node>
        <type>1</type>
        <ID>Rail02</ID>
        <box>
            <c>0.00535273 0.81068 1.89195</c>
            <x>-0.999997 0.00247078 -0.000365173</x>
            <y>0.00239456 0.906865 -0.421415</y>
            <z>0.000710061 0.421414 0.906868</z>
            <e>1.01973 0.0275541 0.0268533</e>
        </box>
    </node>
    <node>
        <type>1</type>
        <ID>Rail03</ID>
        <box>
            <c>-1.00841 -0.000233466 1.89149</c>
            <x>0.00116468 0.999999 0.000996641</x>
            <y>0.377266 -0.00136239 0.926104</y>
            <z>-0.926104 0.000702617 0.377267</z>
            <e>0.82473 0.0265911 0.0254317</e>
        </box>
    </node>
    <node>
        <type>1</type>
        <ID>Rail04</ID>
        <box>
            <c>0.0053352 -0.815405 1.8895</c>
            <x>0.999995 0.00283205 0.00105941</x>
            <y>-0.00232971 0.944984 -0.327109</y>
            <z>0.00192752 -0.327105 -0.944986</z>
            <e>1.01964 0.0282706 0.0274772</e>
        </box>
    </node>
    <node>
        <type>1</type>
        <ID>Underbars01</ID>
        <box>
            <c>-0.750219 -0.000249648 0.110098</c>
            <x>-0.000177803 -1 0.000469333</x>
            <y>-0.352304 -0.000376601 -0.935885</y>
            <z>-0.935885 0.000331751 0.352304</z>
            <e>0.824873 0.020902 0.0212998</e>
        </box>
    </node>
    <node>
        <type>1</type>
        <ID>Underbars02</ID>
        <box>
            <c>-0.502854 -0.000295774 0.109731</c>
            <x>-0.000463701 1 4.80862e-05</x>
            <y>-0.58432 -0.000231927 -0.811524</y>
            <z>0.811524 0.000404402 -0.58432</z>
            <e>0.824546 0.0210173 0.0210881</e>
        </box>
    </node>
    <node>
        <type>1</type>
        <ID>Underbars03</ID>
        <box>
            <c>0.73111 -0.000155535 0.109936</c>
            <x>-0.00298884 0.999989 0.00369334</x>
            <y>-0.797804 -0.00461127 0.602899</y>
            <z>-0.602909 0.0011446 -0.797809</z>
            <e>0.824823 0.0241482 0.0210685</e>
        </box>
    </node>
    <node>
        <type>1</type>
        <ID>Underbars04</ID>
        <box>
            <c>0.483876 -0.000163253 0.109778</c>
            <x>0.00465635 -0.999977 -0.00492771</x>
            <y>0.502989 0.00660111 -0.864268</y>
            <z>-0.86428 -0.00154575 -0.503008</z>
            <e>0.824818 0.0251432 0.0213468</e>
        </box>
    </node>
    <node>
        <type>1</type>
        <ID>Underbars05</ID>
        <box>
            <c>0.237419 -0.000166406 0.109838</c>
            <x>-0.0028252 -0.999852 -0.0169425</x>
            <y>-0.215474 0.0171532 -0.976359</y>
            <z>-0.976505 -0.000892259 0.215491</z>
            <e>0.82415 0.034547 0.0213895</e>
        </box>
    </node>
    <node>
        <type>1</type>
        <ID>Underbars06</ID>
        <box>
            <c>-0.257136 -0.000393384 0.109466</c>
            <x>0.000100041 0.999978 0.00662541</x>
            <y>-0.481648 -0.00575809 0.876346</y>
            <z>-0.876365 0.00327878 -0.481636</z>
            <e>0.824652 0.0245812 0.0226537</e>
        </box>
    </node>
    <node>
        <type>1</type>
        <ID>Underbars07</ID>
        <box>
            <c>-0.00903627 -7.65021e-05 0.110835</c>
            <x>0.94067 -0.00160445 0.33932</x>
            <y>-0.00100379 -0.999998 -0.00194569</y>
            <z>-0.339323 -0.00148964 0.940669</z>
            <e>0.0209761 0.824377 0.0221872</e>
        </box>
    </node>
    <cL>0</cL>
</document>
