<!--?xml Version = "1.0"?-->
<document>
    <cN>8</cN>
    <node>
        <type>2</type>
        <ID>Rectangle001</ID>
        <box>
            <c>21.2832 -32.7025 30</c>
            <x>-0.506645 0.862155 0</x>
            <y>-3.49374e-05 -2.0531e-05 -1</y>
            <z>-0.862155 -0.506645 4.05234e-05</z>
            <e>18.99 30.4 0.503771</e>
        </box>
    </node>
    <node>
        <type>2</type>
        <ID>Gengon001</ID>
        <box>
            <c>-1.63415 -20.7915 32.4097</c>
            <x>-1 0 0</x>
            <y>0 -1 0</y>
            <z>-2.74851e-17 6.34742e-17 1</z>
            <e>64.6298 27.9855 0.91</e>
        </box>
    </node>
    <node>
        <type>2</type>
        <ID>Rectangle002</ID>
        <box>
            <c>44.6409 6.99227 30</c>
            <x>-0.999998 0.00204463 0</x>
            <y>1.69224e-07 8.2765e-05 -1</y>
            <z>-0.00204463 -0.999998 -8.27652e-05</z>
            <e>18.7811 30.4 0.50769</e>
        </box>
    </node>
    <node>
        <type>2</type>
        <ID>Rectangle003</ID>
        <box>
            <c>-47.8346 6.99222 30</c>
            <x>-0.999998 -0.00205722 0</x>
            <y>1.73013e-07 -8.41006e-05 1</y>
            <z>-0.00205722 0.999998 8.41007e-05</z>
            <e>18.6695 30.4 0.507816</e>
        </box>
    </node>
    <node>
        <type>2</type>
        <ID>Rectangle004</ID>
        <box>
            <c>-24.8602 -32.7025 30</c>
            <x>-0.506646 -0.862154 1.4839e-08</x>
            <y>-3.49223e-05 2.05394e-05 1</y>
            <z>-0.862154 0.506646 -4.05146e-05</z>
            <e>18.99 30.4 0.503742</e>
        </box>
    </node>
    <node>
        <type>2</type>
        <ID>Box001</ID>
        <box>
            <c>-1.6525 -17.294 30</c>
            <x>0 0 1</x>
            <y>1 0 0</y>
            <z>0 1 0</z>
            <e>30 14.5 0.5</e>
        </box>
    </node>
    <node>
        <type>2</type>
        <ID>Box002</ID>
        <box>
            <c>19.85 -4.85584 30.0622</c>
            <x>0 8.88178e-16 -1</x>
            <y>-0.496865 -0.867828 0</y>
            <z>-0.867828 0.496865 6.69313e-16</z>
            <e>30 14 0.50004</e>
        </box>
    </node>
    <node>
        <type>2</type>
        <ID>Box003</ID>
        <box>
            <c>-23.0344 -5.31413 29.7344</c>
            <x>-0.496866 0.867827 0</x>
            <y>0 -8.88178e-16 -1</y>
            <z>-0.867827 -0.496866 2.97931e-16</z>
            <e>14 30 0.50004</e>
        </box>
    </node>
    <cL>0</cL>
</document>
