<!--?xml Version = "1.0"?-->
<document>
    <cN>9</cN>
    <node>
        <type>2</type>
        <ID>Back</ID>
        <box>
            <c>-0.0317569 0.29371 0.85703</c>
            <x>0.99992 -0.0109612 -0.00627615</x>
            <y>-0.0086498 -0.232153 -0.972641</y>
            <z>-0.00920428 -0.972617 0.23223</z>
            <e>0.327146 0.190386 0.0665685</e>
        </box>
    </node>
    <node>
        <type>2</type>
        <ID>Seat</ID>
        <box>
            <c>-0.032049 -0.013047 0.414782</c>
            <x>1 0 0</x>
            <y>0 1 0</y>
            <z>0 0 1</z>
            <e>0.322619 0.286097 0.0601345</e>
        </box>
    </node>
    <node>
        <type>1</type>
        <ID>Branch1</ID>
        <box>
            <c>0.0388414 -0.240644 0.014795</c>
            <x>-0.0320053 0.0116714 0.99942</x>
            <y>0.946824 0.320652 0.0265764</y>
            <z>0.320155 -0.947125 0.0213133</z>
            <e>0.0649175 0.0238775 0.149125</e>
        </box>
    </node>
    <node>
        <type>1</type>
        <ID>Branch2</ID>
        <box>
            <c>-0.201175 -0.161608 0.0152732</c>
            <x>0.011526 0.0271648 0.999565</x>
            <y>0.595562 -0.80317 0.01496</y>
            <z>-0.803227 -0.59513 0.0254357</z>
            <e>0.0651488 0.0252907 0.148842</e>
        </box>
    </node>
    <node>
        <type>1</type>
        <ID>Branch3</ID>
        <box>
            <c>-0.200953 0.0870661 0.0205495</c>
            <x>-0.818298 0.57298 -0.0456353</x>
            <y>0.045549 -0.014504 -0.998857</y>
            <z>0.572987 0.819441 0.0142301</z>
            <e>0.152015 0.0624047 0.024027</e>
        </box>
    </node>
    <node>
        <type>1</type>
        <ID>Branch4</ID>
        <box>
            <c>0.0441966 0.16375 0.0147377</c>
            <x>-0.34436 -0.938837 -0.000978876</x>
            <y>0.938837 -0.344358 -0.00162462</y>
            <z>-0.00118817 0.00147846 -0.999998</z>
            <e>0.149989 0.0242587 0.0619515</e>
        </box>
    </node>
    <node>
        <type>1</type>
        <ID>Branch5</ID>
        <box>
            <c>0.186444 -0.0382861 0.0145535</c>
            <x>-0.999981 -0.0061237 0.000552135</x>
            <y>0.00611492 -0.999873 -0.0147103</y>
            <z>-0.000642146 0.0147066 -0.999892</z>
            <e>0.150111 0.0255102 0.0621328</e>
        </box>
    </node>
    <node>
        <type>1</type>
        <ID>LegCenter</ID>
        <box>
            <c>-0.0279259 -0.0369251 0.189787</c>
            <x>1 0 0</x>
            <y>0 1 0</y>
            <z>0 0 1</z>
            <e>0.0672886 0.0707509 0.179502</e>
        </box>
    </node>
    <node>
        <type>1</type>
        <ID>BarBack</ID>
        <box>
            <c>-0.000337669 0.343528 0.654152</c>
            <x>0.00487804 0.194009 0.980988</x>
            <y>0.999987 0.000326759 -0.00503714</y>
            <z>0.0012978 -0.981 0.194005</z>
            <e>0.275567 0.052439 0.0350596</e>
        </box>
    </node>
    <cL>0</cL>
</document>
