<!--?xml Version = "1.0"?-->
<document>
    <cN>9</cN>
    <node>
        <type>2</type>
        <ID>BoardSheet</ID>
        <box>
            <c>0.00410531 -0.00415832 0.354144</c>
            <x>1 0.000316158 -0.000884968</x>
            <y>-0.000894875 0.0328466 -0.99946</y>
            <z>0.000286919 -0.99946 -0.0328469</z>
            <e>1.08512 0.109118 0.553019</e>
        </box>
    </node>
    <node>
        <type>1</type>
        <ID>LeftBackLeg</ID>
        <box>
            <c>-1.08463 0.511643 0.498348</c>
            <x>-0.0059512 0.000554065 -0.999982</x>
            <y>0.999974 0.00397955 -0.00594895</y>
            <z>-0.00397618 0.999992 0.000577734</z>
            <e>0.532267 0.0455149 0.0297572</e>
        </box>
    </node>
    <node>
        <type>1</type>
        <ID>LeftDownBar</ID>
        <box>
            <c>-1.0824 -0.00169563 0.64153</c>
            <x>-0.999995 -0.000871104 -0.00292874</x>
            <y>0.000870892 -1 7.36186e-05</y>
            <z>0.0029288 -7.10676e-05 -0.999996</z>
            <e>0.0114781 0.531876 0.0428877</e>
        </box>
    </node>
    <node>
        <type>1</type>
        <ID>LeftFrontLeg</ID>
        <box>
            <c>-1.0847 -0.511936 0.499101</c>
            <x>-0.000545173 0.00229955 -0.999997</x>
            <y>0.99995 0.00996485 -0.000522233</y>
            <z>-0.00996362 0.999948 0.00230487</z>
            <e>0.532346 0.0422299 0.0304232</e>
        </box>
    </node>
    <node>
        <type>1</type>
        <ID>LeftUpBar</ID>
        <box>
            <c>-1.08337 -0.00140733 0.870309</c>
            <x>-0.0057972 0.000152758 0.999983</x>
            <y>-0.000552456 1 -0.000155964</y>
            <z>0.999983 0.000553351 0.00579712</z>
            <e>0.0426939 0.531755 0.0105613</e>
        </box>
    </node>
    <node>
        <type>1</type>
        <ID>RightBackLeg</ID>
        <box>
            <c>1.08474 0.511504 0.497547</c>
            <x>0.999554 0.0124065 0.0271614</x>
            <y>0.0125087 -0.999915 -0.00359576</y>
            <z>0.0271145 0.00393391 -0.999625</z>
            <e>0.0574723 0.0310799 0.532968</e>
        </box>
    </node>
    <node>
        <type>1</type>
        <ID>RightDownBar</ID>
        <box>
            <c>1.08471 0.000113848 0.642129</c>
            <x>0.000693124 -1 -0.000665934</x>
            <y>-0.0155428 -0.000676627 0.999879</y>
            <z>0.999879 0.00068269 0.0155433</z>
            <e>0.531337 0.0425359 0.0109846</e>
        </box>
    </node>
    <node>
        <type>1</type>
        <ID>RightFrontLeg</ID>
        <box>
            <c>1.08564 -0.513806 0.498495</c>
            <x>0.999977 0.00671122 0.000926186</x>
            <y>-0.000919792 -0.000955676 0.999999</y>
            <z>-0.0067121 0.999977 0.000949481</z>
            <e>0.0425054 0.532701 0.0292754</e>
        </box>
    </node>
    <node>
        <type>1</type>
        <ID>RightUpBar</ID>
        <box>
            <c>1.08446 0.000351285 0.870651</c>
            <x>0.999948 0.00186807 0.0100236</x>
            <y>0.00186038 -0.999998 0.000776403</y>
            <z>-0.0100251 0.000757714 0.999949</z>
            <e>0.0112961 0.5315 0.0426466</e>
        </box>
    </node>
    <cL>0</cL>
</document>
