<!--?xml Version = "1.0"?-->
<document>
    <cN>17</cN>
    <node>
        <type>2</type>
        <ID>Seat</ID>
        <box>
            <c>0.0125514 -0.00357566 0.52079</c>
            <x>-0.999997 4.16334e-17 0.00229519</x>
            <y>1.2552e-06 1 0.00054688</y>
            <z>-0.00229519 0.000546882 -0.999997</z>
            <e>0.308123 0.304087 0.0764</e>
        </box>
    </node>
    <node>
        <type>2</type>
        <ID>Back</ID>
        <box>
            <c>0.00206292 0.286456 1.12354</c>
            <x>0.0300329 -0.0166604 -0.99941</x>
            <y>-0.999549 -0.000584296 -0.0300273</y>
            <z>-8.36834e-05 0.999861 -0.0166705</z>
            <e>0.0884038 0.337801 0.0189281</e>
        </box>
    </node>
    <node>
        <type>1</type>
        <ID>BarLeft</ID>
        <box>
            <c>0.294037 0.282205 0.861188</c>
            <x>0.147487 0.989064 0.00066569</x>
            <y>-2.0842e-05 -0.000669942 1</y>
            <z>0.989064 -0.147487 -7.81934e-05</z>
            <e>0.0212307 0.3562 0.0208448</e>
        </box>
    </node>
    <node>
        <type>1</type>
        <ID>BarRight</ID>
        <box>
            <c>-0.277253 0.282209 0.861384</c>
            <x>0.187644 0.982237 0.000661095</x>
            <y>-6.39529e-05 -0.000660833 1</y>
            <z>0.982237 -0.187644 -6.11841e-05</z>
            <e>0.0218355 0.356004 0.0214734</e>
        </box>
    </node>
    <node>
        <type>1</type>
        <ID>LegBackLeft</ID>
        <box>
            <c>0.294124 0.283598 0.248902</c>
            <x>0.000344966 -0.0317751 0.999495</x>
            <y>0.0203402 -0.999288 -0.0317756</y>
            <z>0.999793 0.0203408 0.000301591</z>
            <e>0.261597 0.0262157 0.0188119</e>
        </box>
    </node>
    <node>
        <type>1</type>
        <ID>LegBackRight</ID>
        <box>
            <c>-0.277153 0.283599 0.248902</c>
            <x>0.00034507 -0.0317751 0.999495</x>
            <y>0.0203473 -0.999288 -0.0317755</y>
            <z>0.999793 0.020348 0.000301712</z>
            <e>0.261597 0.0262148 0.0188126</e>
        </box>
    </node>
    <node>
        <type>1</type>
        <ID>LegFrontLeft</ID>
        <box>
            <c>0.294103 -0.28934 0.236061</c>
            <x>0.567272 0.823531 0</x>
            <y>-0.00773351 0.00532707 0.999956</y>
            <z>0.823494 -0.567247 0.00939068</z>
            <e>0.025425 0.248025 0.0277508</e>
        </box>
    </node>
    <node>
        <type>1</type>
        <ID>LegFrontRight</ID>
        <box>
            <c>-0.277178 -0.28934 0.236072</c>
            <x>-3.0872e-06 1 0</x>
            <y>-0.0135183 -4.17336e-08 0.999909</y>
            <z>0.999909 3.08691e-06 0.0135183</z>
            <e>0.0182811 0.248032 0.0216288</e>
        </box>
    </node>
    <node>
        <type>1</type>
        <ID>UnderLeftBottom</ID>
        <box>
            <c>0.293641 -0.003702 0.2272</c>
            <x>-6.50433e-08 -1 5.94847e-07</x>
            <y>-0.994075 1.30104e-18 -0.108697</y>
            <z>0.108697 -5.98392e-07 -0.994075</z>
            <e>0.26736 0.0101594 0.0101591</e>
        </box>
    </node>
    <node>
        <type>1</type>
        <ID>UnderLeftTop</ID>
        <box>
            <c>0.293641 -0.003702 0.276481</c>
            <x>-0.999797 -2.60209e-18 -0.0201389</x>
            <y>2.04364e-08 1 -1.01457e-06</y>
            <z>0.0201389 -1.01477e-06 -0.999797</z>
            <e>0.0102179 0.26736 0.010218</e>
        </box>
    </node>
    <node>
        <type>1</type>
        <ID>UnderRightBottom</ID>
        <box>
            <c>-0.277419 -0.003702 0.2272</c>
            <x>-0.997342 -5.63785e-18 0.0728612</x>
            <y>4.37708e-08 -1 5.99146e-07</y>
            <z>0.0728612 6.00742e-07 0.997342</z>
            <e>0.0101933 0.26736 0.0101925</e>
        </box>
    </node>
    <node>
        <type>1</type>
        <ID>UnderRightTop</ID>
        <box>
            <c>-0.277418 -0.003702 0.276481</c>
            <x>-6.45998e-08 1 -1.01408e-06</x>
            <y>-0.997977 1.30104e-18 0.0635742</y>
            <z>0.0635742 1.01613e-06 0.997977</z>
            <e>0.26736 0.0101998 0.0101994</e>
        </box>
    </node>
    <node>
        <type>1</type>
        <ID>UnderFrontBottom</ID>
        <box>
            <c>0.008462 -0.289341 0.322177</c>
            <x>-1 3.03161e-08 -8.13099e-09</x>
            <y>-8.45356e-09 -0.0106554 0.999943</y>
            <z>3.02278e-08 0.999943 0.0106554</z>
            <e>0.26736 0.0102199 0.0102184</e>
        </box>
    </node>
    <node>
        <type>1</type>
        <ID>UnderFrontTop</ID>
        <box>
            <c>0.008462 -0.289341 0.36929</c>
            <x>-1 2.71114e-08 6.86005e-10</x>
            <y>-2.08167e-17 -0.0252951 0.99968</y>
            <z>2.71201e-08 0.99968 0.0252951</z>
            <e>0.26736 0.0102157 0.0102157</e>
        </box>
    </node>
    <node>
        <type>2</type>
        <ID>UnderBack</ID>
        <box>
            <c>0.0083565 0.282647 0.196354</c>
            <x>-1 -1.19947e-08 -1.11022e-16</x>
            <y>2.60209e-15 -2.27147e-07 1</y>
            <z>-1.19947e-08 1 2.27147e-07</z>
            <e>0.267102 0.113592 0.0133005</e>
        </box>
    </node>
    <node>
        <type>1</type>
        <ID>MiddleLeft</ID>
        <box>
            <c>0.127648 0.28963 0.804185</c>
            <x>-0.999046 0.0436696 1.22096e-08</x>
            <y>6.77675e-06 0.000155314 -1</y>
            <z>-0.0436696 -0.999046 -0.000155462</z>
            <e>0.048231 0.255576 0.0059335</e>
        </box>
    </node>
    <node>
        <type>1</type>
        <ID>MiddleRight</ID>
        <box>
            <c>-0.122556 0.28963 0.804185</c>
            <x>-0.999046 -0.0436709 0</x>
            <y>6.77278e-06 -0.000154939 1</y>
            <z>-0.0436709 0.999046 0.000155087</z>
            <e>0.0482306 0.255576 0.00593348</e>
        </box>
    </node>
    <cL>0</cL>
</document>
