<!--?xml Version = "1.0"?-->
<document>
    <cN>12</cN>
    <node>
        <type>2</type>
        <ID>Back</ID>
        <box>
            <c>0.00375486 0.186932 1.01065</c>
            <x>-0.999561 -0.0243132 0.0169093</x>
            <y>0.0151398 0.0712087 0.997347</y>
            <z>0.0254527 -0.997165 0.0708093</z>
            <e>0.32639 0.22637 0.060745</e>
        </box>
    </node>
    <node>
        <type>1</type>
        <ID>BarLeft</ID>
        <box>
            <c>0.237163 0.222747 0.814065</c>
            <x>0.999962 0.00849494 -0.00186763</x>
            <y>-0.000962441 -0.105337 -0.994436</y>
            <z>0.0086444 -0.9944 0.105325</z>
            <e>0.0228012 0.34567 0.0223216</e>
        </box>
    </node>
    <node>
        <type>1</type>
        <ID>BarRight</ID>
        <box>
            <c>-0.229482 0.227453 0.816802</c>
            <x>0.973468 0.228741 0.00613256</x>
            <y>-0.0335813 0.116301 0.992646</y>
            <z>-0.226345 0.966515 -0.120897</z>
            <e>0.0314916 0.34444 0.0298789</e>
        </box>
    </node>
    <node>
        <type>1</type>
        <ID>LegBackLeft</ID>
        <box>
            <c>0.237338 0.259315 0.236954</c>
            <x>-0.00783091 0.253216 -0.967378</x>
            <y>-0.994797 -0.100242 -0.0181858</y>
            <z>0.101576 -0.962202 -0.252683</z>
            <e>0.283277 0.0225925 0.0192554</e>
        </box>
    </node>
    <node>
        <type>1</type>
        <ID>LegBackRight</ID>
        <box>
            <c>-0.231231 0.257311 0.236485</c>
            <x>0.00147785 0.26211 -0.965037</x>
            <y>0.997487 0.0679768 0.0199905</y>
            <z>0.0708399 -0.962641 -0.261351</z>
            <e>0.28172 0.0224008 0.022738</e>
        </box>
    </node>
    <node>
        <type>1</type>
        <ID>LegFrontLeft</ID>
        <box>
            <c>0.239033 -0.309878 0.234901</c>
            <x>0.0699648 0.002108 -0.997547</x>
            <y>0.997461 0.0131913 0.0699866</y>
            <z>-0.0133065 0.999911 0.00117972</z>
            <e>0.267072 0.0386808 0.0195566</e>
        </box>
    </node>
    <node>
        <type>1</type>
        <ID>LegFrontRight</ID>
        <box>
            <c>-0.230898 -0.312854 0.237294</c>
            <x>-0.989534 -0.144245 0.00395413</x>
            <y>0.00463033 -0.00435244 0.99998</y>
            <z>0.144225 -0.989532 -0.00497479</z>
            <e>0.0203686 0.268627 0.0208505</e>
        </box>
    </node>
    <node>
        <type>2</type>
        <ID>Seat</ID>
        <box>
            <c>0.00290532 -0.110845 0.547673</c>
            <x>0.999381 -0.03334 -0.0112696</x>
            <y>-0.033036 -0.999112 0.0261632</y>
            <z>0.0121319 0.0257747 0.999594</z>
            <e>0.339287 0.320164 0.0722433</e>
        </box>
    </node>
    <node>
        <type>1</type>
        <ID>SeatBarBack</ID>
        <box>
            <c>0.00234659 0.191244 0.469512</c>
            <x>0.999997 0.00172517 -0.00148166</x>
            <y>-0.00175065 0.999848 -0.0173684</y>
            <z>-0.00145147 -0.0173709 -0.999848</z>
            <e>0.262666 0.0191359 0.0213348</e>
        </box>
    </node>
    <node>
        <type>1</type>
        <ID>SeatBarFront</ID>
        <box>
            <c>0.00327861 -0.312367 0.469425</c>
            <x>-0.999733 0.0231009 0.0001606</x>
            <y>-0.0230497 -0.997004 -0.0738396</y>
            <z>0.00154564 0.0738236 -0.99727</z>
            <e>0.264758 0.025412 0.0206678</e>
        </box>
    </node>
    <node>
        <type>1</type>
        <ID>SeatBarLeft</ID>
        <box>
            <c>0.236618 -0.0642109 0.468367</c>
            <x>-0.00218079 -0.999993 -0.00290196</x>
            <y>-0.0560821 0.00301971 -0.998422</y>
            <z>-0.998424 0.0020146 0.0560883</z>
            <e>0.283067 0.0221166 0.0207858</e>
        </box>
    </node>
    <node>
        <type>1</type>
        <ID>SeatBarRight</ID>
        <box>
            <c>-0.233145 -0.0655586 0.468553</c>
            <x>0.99444 -0.00267106 0.105267</x>
            <y>0.001522 0.999938 0.0109945</y>
            <z>0.10529 0.0107732 -0.994383</z>
            <e>0.0221309 0.280788 0.0220778</e>
        </box>
    </node>
    <cL>0</cL>
</document>
