<!--?xml Version = "1.0"?-->
<document>
    <cN>24</cN>
    <node>
        <type>1</type>
        <ID>ArmrestLeft</ID>
        <box>
            <c>0.348361 -0.0489375 0.67453</c>
            <x>-0.999722 0.0224377 -0.00730488</x>
            <y>-0.00713919 0.00745566 0.999947</y>
            <z>-0.0224909 -0.99972 0.00729339</z>
            <e>0.0375861 0.013129 0.353387</e>
        </box>
    </node>
    <node>
        <type>1</type>
        <ID>ArmrestRight</ID>
        <box>
            <c>-0.349616 -0.0484346 0.674285</c>
            <x>0.0107694 0.00123474 -0.999941</x>
            <y>0.00170646 -0.999998 -0.00121643</y>
            <z>0.999941 0.00169326 0.0107715</z>
            <e>0.0104953 0.353562 0.0296773</e>
        </box>
    </node>
    <node>
        <type>1</type>
        <ID>Backbar1</ID>
        <box>
            <c>-0.000656306 0.232703 0.55383</c>
            <x>0.99999 0.0042478 -0.00139984</x>
            <y>-0.00446119 0.925087 -0.379729</y>
            <z>0.000318037 -0.379731 -0.925097</z>
            <e>0.304355 0.0131603 0.0392666</e>
        </box>
    </node>
    <node>
        <type>1</type>
        <ID>Backbar2</ID>
        <box>
            <c>-0.000360474 0.272852 0.662975</c>
            <x>-0.999992 0.00181246 0.00368146</x>
            <y>0.00408103 0.345644 0.938357</y>
            <z>-0.00042826 -0.938364 0.345649</z>
            <e>0.304109 0.0409955 0.0104003</e>
        </box>
    </node>
    <node>
        <type>1</type>
        <ID>Backbar3</ID>
        <box>
            <c>-0.000475015 0.313318 0.771682</c>
            <x>-0.999998 -0.000885975 -0.00159253</x>
            <y>-0.00179784 0.336657 0.941626</y>
            <z>0.000298119 -0.941627 0.336658</z>
            <e>0.304585 0.0397147 0.0100808</e>
        </box>
    </node>
    <node>
        <type>1</type>
        <ID>Backbar4</ID>
        <box>
            <c>-0.000567233 0.354555 0.881062</c>
            <x>-0.000668772 -0.338769 -0.940869</x>
            <y>0.999999 -0.00106521 -0.000327264</y>
            <z>0.000891354 0.940869 -0.338769</z>
            <e>0.0401263 0.304671 0.0103066</e>
        </box>
    </node>
    <node>
        <type>1</type>
        <ID>Backbar5</ID>
        <box>
            <c>-0.000545367 0.394612 0.989892</c>
            <x>-0.0174609 -0.936593 0.349983</x>
            <y>-0.00362411 -0.349975 -0.936752</y>
            <z>-0.999841 0.0176249 -0.00271655</z>
            <e>0.0153229 0.0402027 0.304603</e>
        </box>
    </node>
    <node>
        <type>1</type>
        <ID>Backbar6</ID>
        <box>
            <c>-0.000515177 0.435456 1.09942</c>
            <x>0.000746067 0.93756 -0.347824</x>
            <y>0.999999 -0.00113395 -0.000911619</y>
            <z>0.00124911 0.347822 0.93756</z>
            <e>0.0103816 0.3046 0.0393683</e>
        </box>
    </node>
    <node>
        <type>1</type>
        <ID>LeftBar</ID>
        <box>
            <c>0.31042 0.319706 0.754282</c>
            <x>-0.0015151 -0.349412 -0.936968</x>
            <y>0.00182688 0.936966 -0.349415</y>
            <z>0.999997 -0.00224113 -0.00078126</z>
            <e>0.432155 0.0279369 0.0106821</e>
        </box>
    </node>
    <node>
        <type>1</type>
        <ID>LegBackLeft</ID>
        <box>
            <c>0.349082 0.144391 0.315706</c>
            <x>0.00187887 0.54108 -0.840969</x>
            <y>0.0172699 0.840828 0.541027</y>
            <z>0.999849 -0.01554 -0.00776458</z>
            <e>0.431881 0.0377241 0.011227</e>
        </box>
    </node>
    <node>
        <type>1</type>
        <ID>LegBackRight</ID>
        <box>
            <c>-0.351097 0.144284 0.315911</c>
            <x>-0.0319382 -0.540554 0.840703</x>
            <y>0.999482 -0.0205882 0.0247324</y>
            <z>-0.00393938 -0.841057 -0.540932</z>
            <e>0.431718 0.023638 0.0374741</e>
        </box>
    </node>
    <node>
        <type>1</type>
        <ID>LegFrontLeft</ID>
        <box>
            <c>0.348307 -0.300845 0.315623</c>
            <x>0.00248095 0.91906 -0.394109</x>
            <y>-0.000819457 0.394112 0.919062</y>
            <z>-0.999997 0.0019572 -0.00173091</z>
            <e>0.0274313 0.384508 0.0104364</e>
        </box>
    </node>
    <node>
        <type>1</type>
        <ID>LegFrontRight</ID>
        <box>
            <c>-0.350402 -0.301151 0.314741</c>
            <x>-0.0142071 0.395445 0.91838</x>
            <y>0.999528 -0.0194138 0.0238219</y>
            <z>-0.0272495 -0.918284 0.394983</z>
            <e>0.38494 0.0161464 0.0280445</e>
        </box>
    </node>
    <node>
        <type>1</type>
        <ID>RightBar</ID>
        <box>
            <c>-0.311554 0.320051 0.75501</c>
            <x>-0.0187674 0.350407 0.93641</x>
            <y>0.999666 -0.010059 0.0237993</y>
            <z>-0.0177588 -0.936544 0.350101</z>
            <e>0.431985 0.0184091 0.0285198</e>
        </box>
    </node>
    <node>
        <type>1</type>
        <ID>SeatBar1</ID>
        <box>
            <c>-0.00085018 0.0679872 0.407057</c>
            <x>-0.999943 0.000795063 -0.0106551</x>
            <y>-0.0106685 -0.0193601 0.999756</y>
            <z>-0.000588585 -0.999812 -0.0193674</z>
            <e>0.323903 0.0140694 0.0399374</e>
        </box>
    </node>
    <node>
        <type>1</type>
        <ID>SeatBar2</ID>
        <box>
            <c>-0.000635201 -0.0288576 0.407635</c>
            <x>4.39152e-05 -1 0.000593402</x>
            <y>1 4.38556e-05 -0.000100503</y>
            <z>-0.000100477 -0.000593406 -1</z>
            <e>0.0395977 0.323694 0.0102228</e>
        </box>
    </node>
    <node>
        <type>1</type>
        <ID>SeatBar3</ID>
        <box>
            <c>-0.000719751 -0.12613 0.407642</c>
            <x>-0.00036007 -0.99996 0.0089238</x>
            <y>-1 0.000354961 -0.000574049</y>
            <z>-0.000570858 0.008924 0.99996</z>
            <e>0.0396044 0.324189 0.0100167</e>
        </box>
    </node>
    <node>
        <type>1</type>
        <ID>SeatBar4</ID>
        <box>
            <c>-0.000611793 -0.223723 0.407546</c>
            <x>0.00027715 0.00812264 -0.999967</x>
            <y>-0.999998 -0.00173707 -0.000291269</y>
            <z>0.00173938 -0.999966 -0.00812214</z>
            <e>0.010524 0.323964 0.0398807</e>
        </box>
    </node>
    <node>
        <type>1</type>
        <ID>SeatBar5</ID>
        <box>
            <c>-0.000908154 -0.319991 0.407728</c>
            <x>-0.000851472 -0.999901 -0.0140601</x>
            <y>-0.999999 0.000838063 0.00095957</y>
            <z>0.000947691 -0.0140609 0.999901</z>
            <e>0.0395816 0.324061 0.0106661</e>
        </box>
    </node>
    <node>
        <type>1</type>
        <ID>SeatBar6</ID>
        <box>
            <c>-0.000604113 -0.417518 0.407059</c>
            <x>0.000882036 0.999938 -0.0110737</x>
            <y>-1 0.000884499 0.000217469</y>
            <z>-0.000227251 -0.0110735 -0.999939</z>
            <e>0.0397224 0.323746 0.010409</e>
        </box>
    </node>
    <node>
        <type>1</type>
        <ID>SeatbarLeft</ID>
        <box>
            <c>0.329435 -0.125898 0.39292</c>
            <x>-0.0378536 -5.79539e-05 0.999283</x>
            <y>0.999176 0.0146556 0.0378504</y>
            <z>0.0146473 -0.999893 0.000496859</z>
            <e>0.0297913 0.0161279 0.353296</e>
        </box>
    </node>
    <node>
        <type>1</type>
        <ID>SeatbarRight</ID>
        <box>
            <c>-0.330575 -0.126234 0.392962</c>
            <x>0.0101898 0.000949826 -0.999948</x>
            <y>-0.000686577 0.999999 0.000942879</y>
            <z>-0.999948 -0.000676933 -0.0101905</z>
            <e>0.0299215 0.353555 0.0102071</e>
        </box>
    </node>
    <node>
        <type>1</type>
        <ID>UnderbarBack</ID>
        <box>
            <c>0.000419185 0.222228 0.185483</c>
            <x>-1 0.000524542 0.000479671</x>
            <y>0.000116109 -0.545226 0.838289</y>
            <z>0.000701247 0.838289 0.545226</z>
            <e>0.342682 0.0200007 0.0101931</e>
        </box>
    </node>
    <node>
        <type>1</type>
        <ID>UnderbarFront</ID>
        <box>
            <c>-4.55724e-05 -0.354507 0.185489</c>
            <x>-0.99999 0.00199497 0.0040308</x>
            <y>0.00449027 0.392143 0.919893</y>
            <z>-0.000254506 -0.919902 0.392148</z>
            <e>0.342893 0.0208826 0.0104323</e>
        </box>
    </node>
    <cL>0</cL>
</document>
