<!--?xml Version = "1.0"?-->
<document>
    <cN>9</cN>
    <node>
        <type>2</type>
        <ID>Back</ID>
        <box>
            <c>-0.0312855 0.295474 0.856748</c>
            <x>0.999908 0.00219189 0.0133577</x>
            <y>-0.0134273 0.285565 0.958265</y>
            <z>0.00171407 0.958357 -0.285569</z>
            <e>0.327589 0.191488 0.0669873</e>
        </box>
    </node>
    <node>
        <type>2</type>
        <ID>Seat</ID>
        <box>
            <c>-0.032049 -0.013047 0.414782</c>
            <x>1 0 0</x>
            <y>0 1 0</y>
            <z>0 0 1</z>
            <e>0.322619 0.286097 0.0601345</e>
        </box>
    </node>
    <node>
        <type>1</type>
        <ID>BarBack</ID>
        <box>
            <c>0.000197655 0.339278 0.632655</c>
            <x>-0.999343 -0.00190669 -0.0361823</x>
            <y>0.0358686 -0.193235 -0.980497</y>
            <z>0.00512217 0.981151 -0.193176</z>
            <e>0.0603776 0.25336 0.0349364</e>
        </box>
    </node>
    <node>
        <type>1</type>
        <ID>Branch1</ID>
        <box>
            <c>0.0394168 -0.239937 0.0147911</c>
            <x>-0.316294 0.948661 -0.00102123</x>
            <y>-0.948658 -0.316295 -0.00221216</y>
            <z>0.0024216 -0.000269108 -0.999997</z>
            <e>0.150104 0.0240534 0.0619484</e>
        </box>
    </node>
    <node>
        <type>1</type>
        <ID>Branch2</ID>
        <box>
            <c>-0.200924 -0.161508 0.0147323</c>
            <x>-0.807913 -0.5893 0.00141201</x>
            <y>0.5893 -0.807902 0.0045651</y>
            <z>0.00154944 -0.0045203 -0.999989</z>
            <e>0.150187 0.0239202 0.0619894</e>
        </box>
    </node>
    <node>
        <type>1</type>
        <ID>Branch3</ID>
        <box>
            <c>-0.201879 0.0876954 0.0150772</c>
            <x>0.0138624 -0.0186979 0.999729</x>
            <y>-0.561345 -0.827546 -0.00769386</y>
            <z>-0.827466 0.561086 0.0219677</z>
            <e>0.0649272 0.0259844 0.149071</e>
        </box>
    </node>
    <node>
        <type>1</type>
        <ID>Branch4</ID>
        <box>
            <c>0.0435581 0.164377 0.0151834</c>
            <x>-0.0242353 -0.0235999 0.999428</x>
            <y>-0.933749 0.357647 -0.0141974</y>
            <z>0.357107 0.933559 0.0307041</z>
            <e>0.065811 0.0245028 0.148986</e>
        </box>
    </node>
    <node>
        <type>1</type>
        <ID>Branch5</ID>
        <box>
            <c>0.185306 -0.0368071 0.0164594</c>
            <x>0.994732 0.00806097 0.102197</x>
            <y>-0.102511 0.0855274 0.991048</y>
            <z>0.000751801 0.996303 -0.0859032</z>
            <e>0.147503 0.0761697 0.0242411</e>
        </box>
    </node>
    <node>
        <type>1</type>
        <ID>LegCenter</ID>
        <box>
            <c>-0.0279259 -0.0369251 0.189787</c>
            <x>1 0 0</x>
            <y>0 1 0</y>
            <z>0 0 1</z>
            <e>0.0672886 0.0707509 0.179502</e>
        </box>
    </node>
    <cL>0</cL>
</document>
