<!--?xml Version = "1.0"?-->
<document>
    <cN>10</cN>
    <node>
        <type>2</type>
        <ID>Back</ID>
        <box>
            <c>-0.00115568 0.229436 0.860003</c>
            <x>0.999996 -0.00255378 0.00113925</x>
            <y>-0.000616247 0.196133 0.980577</y>
            <z>0.00272763 0.980574 -0.196131</z>
            <e>0.27479 0.156118 0.0513569</e>
        </box>
    </node>
    <node>
        <type>2</type>
        <ID>LeftArmrest</ID>
        <box>
            <c>0.289881 0.00304296 0.686096</c>
            <x>-0.228157 0.972964 -0.035849</x>
            <y>-0.259575 -0.0962746 -0.960912</y>
            <z>0.938384 0.209934 -0.274523</z>
            <e>0.186914 0.177689 0.0391705</e>
        </box>
    </node>
    <node>
        <type>1</type>
        <ID>LeftBar</ID>
        <box>
            <c>0.258595 0.207831 0.763348</c>
            <x>0.000823754 -0.0724968 -0.997368</x>
            <y>-0.0362571 -0.996715 0.0724194</y>
            <z>0.999342 -0.0361021 0.00344958</z>
            <e>0.251475 0.0328016 0.0132305</e>
        </box>
    </node>
    <node>
        <type>1</type>
        <ID>LegBackLeft</ID>
        <box>
            <c>0.271066 0.238603 0.311193</c>
            <x>0.0458477 0.137787 -0.9894</x>
            <y>-0.979094 0.202686 -0.0171433</y>
            <z>-0.198175 -0.969501 -0.1442</z>
            <e>0.322738 0.0189627 0.018013</e>
        </box>
    </node>
    <node>
        <type>1</type>
        <ID>LegBackRight</ID>
        <box>
            <c>-0.271998 0.239555 0.3113</c>
            <x>0.043618 -0.136285 0.989709</x>
            <y>-0.980621 0.183552 0.068493</y>
            <z>0.190997 0.973517 0.125638</z>
            <e>0.322676 0.0191455 0.0180745</e>
        </box>
    </node>
    <node>
        <type>1</type>
        <ID>LegFrontLeft</ID>
        <box>
            <c>0.293646 -0.267005 0.289614</c>
            <x>0.040572 -0.0510105 -0.997874</x>
            <y>-0.893649 -0.448567 -0.0134039</y>
            <z>0.44693 -0.892292 0.0637848</z>
            <e>0.298646 0.0208891 0.0203257</e>
        </box>
    </node>
    <node>
        <type>1</type>
        <ID>LegFrontRight</ID>
        <box>
            <c>-0.292689 -0.265708 0.289207</c>
            <x>0.0460788 0.0541987 0.997466</x>
            <y>-0.698154 -0.712422 0.0709622</y>
            <z>-0.714463 0.699655 -0.00501153</z>
            <e>0.299106 0.019325 0.0193598</e>
        </box>
    </node>
    <node>
        <type>2</type>
        <ID>RightArmrest</ID>
        <box>
            <c>-0.288018 0.00336514 0.687471</c>
            <x>-0.274298 0.0678857 0.959246</x>
            <y>-0.933532 0.220632 -0.282559</y>
            <z>0.230822 0.972992 -0.00285457</z>
            <e>0.174214 0.0402696 0.19087</e>
        </box>
    </node>
    <node>
        <type>1</type>
        <ID>RightBar</ID>
        <box>
            <c>-0.258889 0.207411 0.762762</c>
            <x>-0.00305794 0.0653962 0.997855</x>
            <y>-0.979364 0.201452 -0.0162038</y>
            <z>0.20208 0.977313 -0.0634307</z>
            <e>0.251343 0.0180044 0.0296475</e>
        </box>
    </node>
    <node>
        <type>2</type>
        <ID>Seat</ID>
        <box>
            <c>0.0173561 -0.0507544 0.548155</c>
            <x>0.996574 -0.0827051 0.000523482</x>
            <y>-0.0825929 -0.99485 0.058753</y>
            <z>0.00433838 0.0585949 0.998272</z>
            <e>0.294609 0.277753 0.0438158</e>
        </box>
    </node>
    <cL>0</cL>
</document>
