<!--?xml Version = "1.0"?-->
<document>
    <cN>22</cN>
    <node>
        <type>1</type>
        <ID>BackBar1</ID>
        <box>
            <c>-0.000735695 0.172654 0.702915</c>
            <x>0.00395555 0.908506 -0.417853</x>
            <y>-0.999989 0.00466082 0.000667405</y>
            <z>-0.00255388 -0.417846 -0.908514</z>
            <e>0.0214104 0.292471 0.0157322</e>
        </box>
    </node>
    <node>
        <type>1</type>
        <ID>BackBar2</ID>
        <box>
            <c>-0.00116918 0.187411 0.843145</c>
            <x>0.00476685 0.930454 0.366378</x>
            <y>0.999989 -0.00461499 -0.00129036</y>
            <z>-0.000490215 -0.36638 0.930465</z>
            <e>0.0214778 0.292987 0.0154261</e>
        </box>
    </node>
    <node>
        <type>1</type>
        <ID>BackBar3</ID>
        <box>
            <c>-0.000994713 0.199696 0.965877</c>
            <x>-3.63449e-05 -0.0424985 -0.999097</x>
            <y>0.999997 -0.00264232 7.60186e-05</y>
            <z>0.00264317 0.999093 -0.0424984</z>
            <e>0.016929 0.292746 0.0199937</e>
        </box>
    </node>
    <node>
        <type>1</type>
        <ID>BackBar4</ID>
        <box>
            <c>-0.00104867 0.242848 1.09922</c>
            <x>0.00476127 0.932267 0.361739</x>
            <y>0.999988 -0.0049137 -0.000498512</y>
            <z>-0.00131273 -0.361737 0.932279</z>
            <e>0.0219924 0.292569 0.0157724</e>
        </box>
    </node>
    <node>
        <type>1</type>
        <ID>BackBar5</ID>
        <box>
            <c>-0.000895474 0.299034 1.16269</c>
            <x>-0.00313917 -0.941658 -0.336557</x>
            <y>-0.999995 0.00316878 0.00046129</y>
            <z>-0.000632097 -0.336557 0.941663</z>
            <e>0.0219671 0.292821 0.0156523</e>
        </box>
    </node>
    <node>
        <type>1</type>
        <ID>LegBackLeft</ID>
        <box>
            <c>0.287684 0.243424 0.261194</c>
            <x>-0.999946 -0.00974151 0.00355639</x>
            <y>-0.0051352 0.167185 -0.985912</y>
            <z>-0.0090097 0.985877 0.167226</z>
            <e>0.0108476 0.298016 0.039979</e>
        </box>
    </node>
    <node>
        <type>1</type>
        <ID>LegBackRight</ID>
        <box>
            <c>-0.28823 0.247673 0.261804</c>
            <x>0.999719 -0.0228375 -0.00630477</x>
            <y>0.00252822 -0.161761 0.986827</y>
            <z>0.0235565 0.986566 0.161658</z>
            <e>0.010432 0.297461 0.0407345</e>
        </box>
    </node>
    <node>
        <type>1</type>
        <ID>LegFrontRight</ID>
        <box>
            <c>-0.288991 -0.260378 0.299788</c>
            <x>-0.000280041 -0.210726 -0.977545</x>
            <y>-0.00337265 -0.977539 0.210726</y>
            <z>0.999994 -0.00335593 0.000436956</z>
            <e>0.327014 0.0595835 0.0100407</e>
        </box>
    </node>
    <node>
        <type>1</type>
        <ID>SeatBar1</ID>
        <box>
            <c>-0.001225 0.113747 0.61246</c>
            <x>-0.00241617 -0.938859 0.344294</x>
            <y>0.999997 -0.0026005 -7.35966e-05</y>
            <z>-0.000964434 -0.344293 -0.938862</z>
            <e>0.0230537 0.292688 0.0199179</e>
        </box>
    </node>
    <node>
        <type>1</type>
        <ID>SeatBar2</ID>
        <box>
            <c>-0.00144405 0.0339776 0.609622</c>
            <x>0.000484304 -0.129103 0.991631</x>
            <y>-0.999991 0.00408789 0.0010206</y>
            <z>0.00418544 0.991623 0.1291</z>
            <e>0.0236418 0.292539 0.0202203</e>
        </box>
    </node>
    <node>
        <type>1</type>
        <ID>SeatBar3</ID>
        <box>
            <c>-0.00165044 -0.0639928 0.616237</c>
            <x>-0.00240567 -0.793158 -0.609011</x>
            <y>-0.999991 0.00406681 -0.0013464</y>
            <z>-0.00354464 -0.609003 0.79316</z>
            <e>0.0230436 0.292572 0.0201247</e>
        </box>
    </node>
    <node>
        <type>1</type>
        <ID>SeatBar4</ID>
        <box>
            <c>-0.00171553 -0.151365 0.619423</c>
            <x>-0.00207187 -0.800341 -0.599542</x>
            <y>-0.999997 0.00226923 0.0004265</y>
            <z>-0.00101915 -0.599541 0.800343</z>
            <e>0.0230654 0.292737 0.0202415</e>
        </box>
    </node>
    <node>
        <type>1</type>
        <ID>SeatBar5</ID>
        <box>
            <c>-0.0016163 -0.237401 0.618136</c>
            <x>0.00395407 0.91673 -0.399488</x>
            <y>-0.99999 0.00450684 0.000444394</y>
            <z>-0.00220782 -0.399482 -0.916738</z>
            <e>0.0227968 0.292716 0.0206382</e>
        </box>
    </node>
    <node>
        <type>1</type>
        <ID>SeatBar6</ID>
        <box>
            <c>-0.00133061 -0.280411 0.614394</c>
            <x>6.81202e-06 -0.114611 0.99341</x>
            <y>-0.999991 0.00413655 0.000484096</y>
            <z>0.00416477 0.993402 0.11461</z>
            <e>0.0233689 0.292522 0.0200242</e>
        </box>
    </node>
    <node>
        <type>1</type>
        <ID>SeatBar7</ID>
        <box>
            <c>-0.00135055 -0.327005 0.583851</c>
            <x>0.00104139 0.186377 0.982478</x>
            <y>-0.999991 0.00423515 0.000256539</y>
            <z>0.00411313 0.982469 -0.18638</z>
            <e>0.023687 0.292465 0.0199365</e>
        </box>
    </node>
    <node>
        <type>1</type>
        <ID>UnderBarRight</ID>
        <box>
            <c>-0.288319 -0.0131402 0.27197</c>
            <x>0.000199757 -0.997273 -0.0738056</x>
            <y>0.999902 -0.000834929 0.013988</y>
            <z>0.0140114 0.0738011 -0.997175</z>
            <e>0.240489 0.010272 0.047982</e>
        </box>
    </node>
    <node>
        <type>1</type>
        <ID>LegFrontLeft</ID>
        <box>
            <c>0.287705 -0.262445 0.299323</c>
            <x>0.000155901 -0.214993 -0.976616</x>
            <y>-0.000708811 -0.976615 0.214993</y>
            <z>1 -0.000658719 0.000304645</z>
            <e>0.327298 0.059741 0.0100543</e>
        </box>
    </node>
    <node>
        <type>1</type>
        <ID>SeatbarLeft</ID>
        <box>
            <c>0.287943 -0.0977878 0.615647</c>
            <x>-0.0013134 -0.982387 -0.186855</x>
            <y>0.00722232 -0.18686 0.98236</y>
            <z>0.999973 5.92995e-05 -0.00734054</z>
            <e>0.26414 0.0617113 0.00988734</e>
        </box>
    </node>
    <node>
        <type>1</type>
        <ID>SeatbarRight</ID>
        <box>
            <c>-0.288637 -0.096258 0.613976</c>
            <x>0.00283323 -0.240438 0.97066</x>
            <y>0.00187625 0.970664 0.240434</y>
            <z>0.999994 -0.00113999 -0.00320123</z>
            <e>0.0699158 0.2622 0.00989112</e>
        </box>
    </node>
    <node>
        <type>1</type>
        <ID>UnderBarLeft</ID>
        <box>
            <c>0.288728 -0.0166577 0.269133</c>
            <x>-0.0215116 0.994831 0.0992434</x>
            <y>-0.99944 -0.0188553 -0.0276265</y>
            <z>0.0256124 0.0997822 -0.99468</z>
            <e>0.240292 0.0137523 0.0494334</e>
        </box>
    </node>
    <node>
        <type>1</type>
        <ID>BarLeft</ID>
        <box>
            <c>0.28789 0.254262 0.855799</c>
            <x>0.00147146 0.129208 0.991616</x>
            <y>-0.0158452 -0.99149 0.129215</y>
            <z>-0.999873 0.0159024 -0.000588382</z>
            <e>0.322311 0.0918981 0.0112107</e>
        </box>
    </node>
    <node>
        <type>1</type>
        <ID>BarRight</ID>
        <box>
            <c>-0.286983 0.228819 0.867554</c>
            <x>0.999718 0.0232216 0.00502923</x>
            <y>0.0116303 -0.29369 -0.95583</y>
            <z>0.0207189 -0.955619 0.293877</z>
            <e>0.0135065 0.328545 0.0789693</e>
        </box>
    </node>
    <cL>0</cL>
</document>
