<!--?xml Version = "1.0"?-->
<document>
    <cN>22</cN>
    <node>
        <type>1</type>
        <ID>BackBar1</ID>
        <box>
            <c>-0.00115157 0.178327 0.709184</c>
            <x>-0.999994 0.00341457 0.000336302</x>
            <y>-0.00341517 -0.999993 -0.00178465</y>
            <z>0.000330205 -0.00178579 0.999998</z>
            <e>0.289407 0.0200614 0.0167104</e>
        </box>
    </node>
    <node>
        <type>1</type>
        <ID>BackBar2</ID>
        <box>
            <c>-0.00112388 0.193096 0.837619</c>
            <x>-0.999994 0.00341285 0.000357746</x>
            <y>-0.0034135 -0.999993 -0.00180783</y>
            <z>0.000351574 -0.00180904 0.999998</z>
            <e>0.289405 0.0200626 0.0167105</e>
        </box>
    </node>
    <node>
        <type>1</type>
        <ID>BackBar3</ID>
        <box>
            <c>-0.00110604 0.199131 0.966271</c>
            <x>-0.999994 0.00341457 0.000340347</x>
            <y>-0.00341518 -0.999992 -0.00182711</y>
            <z>0.000334106 -0.00182826 0.999998</z>
            <e>0.289404 0.0200623 0.0167105</e>
        </box>
    </node>
    <node>
        <type>1</type>
        <ID>BackBar4</ID>
        <box>
            <c>-0.00104543 0.248841 1.09385</c>
            <x>-0.999994 0.00341455 0.000352039</x>
            <y>-0.00341529 -0.999992 -0.00211897</y>
            <z>0.000344801 -0.00212016 0.999998</z>
            <e>0.289408 0.0200641 0.0167133</e>
        </box>
    </node>
    <node>
        <type>1</type>
        <ID>BackBar5</ID>
        <box>
            <c>-0.000987603 0.304258 1.15689</c>
            <x>-0.999994 0.00341284 0.000334491</x>
            <y>-0.00341351 -0.999992 -0.0020505</y>
            <z>0.000327491 -0.00205163 0.999998</z>
            <e>0.289404 0.0200635 0.0167134</e>
        </box>
    </node>
    <node>
        <type>2</type>
        <ID>BarLeft</ID>
        <box>
            <c>0.288152 0.226233 0.867347</c>
            <x>0.00036202 0.292037 0.956407</x>
            <y>0.000775504 0.956407 -0.292037</y>
            <z>-1 0.000847421 0.000119763</z>
            <e>0.324784 0.0778574 0.00937386</e>
        </box>
    </node>
    <node>
        <type>2</type>
        <ID>BarRight</ID>
        <box>
            <c>-0.288569 0.229483 0.867519</c>
            <x>0.000359978 0.292011 0.956415</x>
            <y>0.000784123 0.956415 -0.292011</y>
            <z>-1 0.000855065 0.000115316</z>
            <e>0.324791 0.0778517 0.00937272</e>
        </box>
    </node>
    <node>
        <type>1</type>
        <ID>LegBackLeft</ID>
        <box>
            <c>0.288101 0.236104 0.260313</c>
            <x>-0.000283549 -0.977942 -0.208877</x>
            <y>-0.000131716 -0.208877 0.977942</y>
            <z>-1 0.000304806 -6.95838e-05</z>
            <e>0.0349058 0.294746 0.00937507</e>
        </box>
    </node>
    <node>
        <type>1</type>
        <ID>LegBackRight</ID>
        <box>
            <c>-0.28862 0.239345 0.260541</c>
            <x>-0.000359637 -0.977948 -0.20885</x>
            <y>-0.000131224 -0.20885 0.977948</y>
            <z>-1 0.000379112 -5.32204e-05</z>
            <e>0.0349078 0.294745 0.00937432</e>
        </box>
    </node>
    <node>
        <type>1</type>
        <ID>LegFrontLeft</ID>
        <box>
            <c>0.287638 -0.252336 0.29638</c>
            <x>0.000304438 0.262145 0.965029</x>
            <y>0.00066043 0.965028 -0.262145</y>
            <z>-1 0.00071714 0.000120664</z>
            <e>0.324716 0.0552015 0.0093747</e>
        </box>
    </node>
    <node>
        <type>1</type>
        <ID>LegFrontRight</ID>
        <box>
            <c>-0.289085 -0.249099 0.29661</c>
            <x>0.000303341 0.262146 0.965028</x>
            <y>0.000643701 0.965028 -0.262146</y>
            <z>-1 0.00070071 0.000123989</z>
            <e>0.324714 0.0552012 0.00937338</e>
        </box>
    </node>
    <node>
        <type>1</type>
        <ID>SeatBar1</ID>
        <box>
            <c>-0.0012213 0.120098 0.615871</c>
            <x>0.000116522 0.0357662 0.99936</x>
            <y>-0.999994 0.00346149 -7.28743e-06</y>
            <z>-0.00345953 -0.999354 0.0357663</z>
            <e>0.0225746 0.289409 0.0216171</e>
        </box>
    </node>
    <node>
        <type>1</type>
        <ID>SeatBar2</ID>
        <box>
            <c>-0.00130661 0.0323482 0.606092</c>
            <x>0.000214498 0.0258009 0.999667</x>
            <y>-0.999994 0.00344899 0.000125552</y>
            <z>-0.0034446 -0.999661 0.0258015</z>
            <e>0.0228316 0.289405 0.0211371</e>
        </box>
    </node>
    <node>
        <type>1</type>
        <ID>SeatBar3</ID>
        <box>
            <c>-0.0013896 -0.0551392 0.608894</c>
            <x>0.999994 -0.00343931 -0.000125792</x>
            <y>0.000247302 0.0353521 0.999375</y>
            <z>-0.00343272 -0.999369 0.0353527</z>
            <e>0.289408 0.0227987 0.0212117</e>
        </box>
    </node>
    <node>
        <type>1</type>
        <ID>SeatBar4</ID>
        <box>
            <c>-0.00147233 -0.142419 0.611941</c>
            <x>0.999994 -0.00345648 -0.000123558</x>
            <y>0.000229669 0.0307154 0.999528</y>
            <z>-0.00345106 -0.999522 0.030716</z>
            <e>0.289405 0.0228148 0.0211708</e>
        </box>
    </node>
    <node>
        <type>1</type>
        <ID>SeatBar5</ID>
        <box>
            <c>-0.00155739 -0.229532 0.62201</c>
            <x>0.000234112 0.0310198 0.999519</x>
            <y>-0.999994 0.00344864 0.000127196</y>
            <z>-0.00344303 -0.999513 0.0310204</z>
            <e>0.0228148 0.289404 0.0211786</e>
        </box>
    </node>
    <node>
        <type>1</type>
        <ID>SeatBar6</ID>
        <box>
            <c>-0.00160835 -0.28236 0.61136</c>
            <x>0.999994 -0.00345724 -0.000125227</x>
            <y>0.000231982 0.0308957 0.999523</y>
            <z>-0.00345172 -0.999517 0.0308963</z>
            <e>0.289408 0.0228147 0.0211721</e>
        </box>
    </node>
    <node>
        <type>1</type>
        <ID>SeatBar7</ID>
        <box>
            <c>-0.00163869 -0.328742 0.587281</c>
            <x>0.999994 -0.00347151 -0.00080641</x>
            <y>0.000912705 0.0307272 0.999527</y>
            <z>-0.00344509 -0.999522 0.0307302</z>
            <e>0.289413 0.0227922 0.0212289</e>
        </box>
    </node>
    <node>
        <type>2</type>
        <ID>SeatbarLeft</ID>
        <box>
            <c>0.287817 -0.0981599 0.616403</c>
            <x>0.00095173 0.980865 0.194686</x>
            <y>-0.00010711 -0.194686 0.980866</y>
            <z>1 -0.000954372 -8.02279e-05</z>
            <e>0.261169 0.060215 0.00936847</e>
        </box>
    </node>
    <node>
        <type>2</type>
        <ID>SeatbarRight</ID>
        <box>
            <c>-0.288908 -0.0949176 0.616629</c>
            <x>0.000946594 0.980863 0.194697</x>
            <y>-9.36423e-05 -0.194697 0.980863</y>
            <z>1 -0.000946711 -9.24486e-05</z>
            <e>0.261177 0.0602144 0.00936824</e>
        </box>
    </node>
    <node>
        <type>1</type>
        <ID>UnderBarLeft</ID>
        <box>
            <c>0.287873 -0.0167048 0.271683</c>
            <x>0.000948319 0.996938 0.0781941</x>
            <y>-3.13554e-05 -0.0781941 0.996938</y>
            <z>1 -0.000947867 -4.28936e-05</z>
            <e>0.238021 0.0471231 0.00936736</e>
        </box>
    </node>
    <node>
        <type>1</type>
        <ID>UnderBarRight</ID>
        <box>
            <c>-0.28885 -0.0134614 0.271911</c>
            <x>0.000946209 0.996938 0.0781907</x>
            <y>-2.16481e-05 -0.0781907 0.996938</y>
            <z>1 -0.000945005 -5.2403e-05</z>
            <e>0.238028 0.0471233 0.00936778</e>
        </box>
    </node>
    <cL>0</cL>
</document>
