<!--?xml Version = "1.0"?-->
<document>
    <cN>15</cN>
    <node>
        <type>2</type>
        <ID>Back</ID>
        <box>
            <c>11.1074 0.141062 119.408</c>
            <x>-0.999946 -0.00708054 0.00754313</x>
            <y>-0.00757208 0.00407168 -0.999963</y>
            <z>-0.00704956 0.999967 0.00412508</z>
            <e>57.4567 10.1514 28.9984</e>
        </box>
    </node>
    <node>
        <type>2</type>
        <ID>BackSpindle</ID>
        <box>
            <c>11.277 14.4892 -39.0478</c>
            <x>0.997026 0.0768768 0.00543139</x>
            <y>-0.0768294 0.997008 -0.00844726</y>
            <z>0.00606454 -0.00800484 -0.99995</z>
            <e>36.5246 7.69993 3.48505</e>
        </box>
    </node>
    <node>
        <type>1</type>
        <ID>FrontSpindle</ID>
        <box>
            <c>11.3512 -78.9336 -39.0344</c>
            <x>0.000524315 0.999586 -0.0287645</x>
            <y>1 -0.000521805 9.47773e-05</y>
            <z>-7.97286e-05 0.0287645 0.999586</z>
            <e>0.848006 47.9764 3.22346</e>
        </box>
    </node>
    <node>
        <type>1</type>
        <ID>LeftBackLeg</ID>
        <box>
            <c>-26.7176 9.74117 -27.9033</c>
            <x>-0.00324315 0.000911238 0.999994</x>
            <y>-0.962689 -0.270593 -0.00287559</y>
            <z>-0.270589 0.962693 -0.00175481</z>
            <e>49.6528 3.35276 3.32333</e>
        </box>
    </node>
    <node>
        <type>1</type>
        <ID>LeftBar</ID>
        <box>
            <c>-39.38 -9.26987 71.7572</c>
            <x>-0.00172901 0.000997608 -0.999998</x>
            <y>-0.197497 0.980303 0.00131943</y>
            <z>-0.980302 -0.197499 0.00149793</z>
            <e>38.4478 3.23382 3.2419</e>
        </box>
    </node>
    <node>
        <type>1</type>
        <ID>LeftFrontLeg</ID>
        <box>
            <c>-39.2707 -78.7306 -27.9108</c>
            <x>-0.00239002 0.000430274 -0.999997</x>
            <y>-0.974277 0.225341 0.0024255</y>
            <z>-0.225342 -0.97428 0.000119363</z>
            <e>49.6469 3.34405 3.24576</e>
        </box>
    </node>
    <node>
        <type>1</type>
        <ID>LeftSpindle</ID>
        <box>
            <c>-36.4297 -33.9421 -39.0088</c>
            <x>0.000451232 -0.00810774 0.999967</x>
            <y>-0.134003 -0.990949 -0.00797415</y>
            <z>-0.990981 0.133995 0.00153361</z>
            <e>3.58403 42.5351 3.62773</e>
        </box>
    </node>
    <node>
        <type>1</type>
        <ID>MiddleBar</ID>
        <box>
            <c>11.0229 25.2779 71.7622</c>
            <x>0.000128525 0.000555295 1</x>
            <y>0.212212 0.977223 -0.000569922</y>
            <z>0.977224 -0.212213 -7.75738e-06</z>
            <e>38.4394 3.23309 3.22609</e>
        </box>
    </node>
    <node>
        <type>1</type>
        <ID>MiddleLeftBar</ID>
        <box>
            <c>-19.1557 15.3597 71.7397</c>
            <x>0.00395674 -0.00392068 -0.999984</x>
            <y>-0.839512 0.543314 -0.00545198</y>
            <z>-0.543327 -0.83952 0.0011417</z>
            <e>38.4347 3.24979 3.22138</e>
        </box>
    </node>
    <node>
        <type>1</type>
        <ID>MiddleRightBar</ID>
        <box>
            <c>42.1283 14.8192 71.7667</c>
            <x>-0.00143209 -8.59366e-05 -0.999999</x>
            <y>0.538817 -0.842423 -0.000699239</y>
            <z>0.842422 0.538817 -0.00125273</z>
            <e>38.4352 3.23107 3.23803</e>
        </box>
    </node>
    <node>
        <type>1</type>
        <ID>RightBackLeg</ID>
        <box>
            <c>49.2342 9.68636 -27.9054</c>
            <x>-0.000126662 0.000336139 1</x>
            <y>0.795247 0.606286 -0.000103069</y>
            <z>0.606286 -0.795247 0.000344107</z>
            <e>49.6616 3.27296 3.25266</e>
        </box>
    </node>
    <node>
        <type>1</type>
        <ID>RightBar</ID>
        <box>
            <c>61.8846 -9.32541 71.7569</c>
            <x>-0.00103834 0.00108075 -0.999999</x>
            <y>-0.823105 0.567887 0.00146841</y>
            <z>-0.567888 -0.823106 -0.000299914</z>
            <e>38.4446 3.2605 3.24597</e>
        </box>
    </node>
    <node>
        <type>1</type>
        <ID>RightFrontLeg</ID>
        <box>
            <c>61.9493 -78.6971 -27.8823</c>
            <x>0.000726764 0.00141013 0.999999</x>
            <y>-0.166963 0.985962 -0.00126899</y>
            <z>0.985963 0.166962 -0.000952001</z>
            <e>49.6349 3.26982 3.24984</e>
        </box>
    </node>
    <node>
        <type>1</type>
        <ID>RightSpindle</ID>
        <box>
            <c>58.7745 -33.7452 -39.0187</c>
            <x>-0.145014 0.989199 0.0213791</x>
            <y>-0.003066 -0.0220566 0.999752</y>
            <z>-0.989425 -0.144912 -0.00623139</z>
            <e>42.5438 4.15447 3.85317</e>
        </box>
    </node>
    <node>
        <type>2</type>
        <ID>Seat</ID>
        <box>
            <c>12.5837 -29.3998 27.4737</c>
            <x>-0.999386 0.0350382 6.14153e-05</x>
            <y>0.0350382 0.999386 -0.00054728</y>
            <z>8.05533e-05 0.000544792 1</z>
            <e>58.2778 58.5208 6.58139</e>
        </box>
    </node>
    <cL>0</cL>
</document>
