<!--?xml Version = "1.0"?-->
<document>
    <cN>8</cN>
    <node>
        <type>2</type>
        <ID>BackSheet</ID>
        <box>
            <c>0.0006925 0.307636 0.976349</c>
            <x>1 -1.13382e-12 1.11022e-16</x>
            <y>3.59955e-17 -4.46155e-10 -1</y>
            <z>1.13382e-12 1 -4.46155e-10</z>
            <e>0.257528 0.193671 0.0381505</e>
        </box>
    </node>
    <node>
        <type>2</type>
        <ID>BackMiddle</ID>
        <box>
            <c>0.00292815 0.247833 0.664197</c>
            <x>-1 -2.90345e-09 9.45032e-10</x>
            <y>-1.02782e-16 -0.309504 -0.950898</y>
            <z>3.05337e-09 -0.950898 0.309504</z>
            <e>0.0433263 0.203863 0.018319</e>
        </box>
    </node>
    <node>
        <type>2</type>
        <ID>SeatSheet</ID>
        <box>
            <c>0.000692447 -0.059374 0.464049</c>
            <x>-0.995285 0.0969984 -5.19772e-08</x>
            <y>-0.0969984 -0.995285 1.7194e-07</y>
            <z>-3.50541e-08 1.76171e-07 1</z>
            <e>0.361665 0.361265 0.0303135</e>
        </box>
    </node>
    <node>
        <type>2</type>
        <ID>Middle</ID>
        <box>
            <c>0.0006926 -0.0554497 0.417989</c>
            <x>0 2.00726e-12 1</x>
            <y>1 0 0</y>
            <z>0 1 -2.00726e-12</z>
            <e>0.072899 0.0242997 0.0242994</e>
        </box>
    </node>
    <node>
        <type>2</type>
        <ID>Branch4</ID>
        <box>
            <c>-0.123028 -0.20613 0.148316</c>
            <x>-0.555781 -0.357497 -0.750535</x>
            <y>-0.622969 0.776905 0.0912596</y>
            <z>0.550469 0.518281 -0.654499</z>
            <e>0.287627 0.07081 0.0592841</e>
        </box>
    </node>
    <node>
        <type>2</type>
        <ID>Branch2</ID>
        <box>
            <c>0.150581 -0.177661 0.148318</c>
            <x>-0.776882 -0.622992 0.0912937</x>
            <y>0.357495 -0.555786 -0.750532</y>
            <z>0.518316 -0.550438 0.654497</z>
            <e>0.0708019 0.287627 0.0592903</e>
        </box>
    </node>
    <node>
        <type>2</type>
        <ID>Branch1</ID>
        <box>
            <c>0.123026 0.0951196 0.148319</c>
            <x>-0.555785 -0.357492 0.750535</x>
            <y>-0.622974 0.776899 -0.0912744</y>
            <z>-0.55046 -0.518292 -0.654497</z>
            <e>0.287627 0.0708021 0.05929</e>
        </box>
    </node>
    <node>
        <type>2</type>
        <ID>Branch3</ID>
        <box>
            <c>-0.148288 0.0635567 0.148317</c>
            <x>-0.77691 -0.622969 -0.0912171</x>
            <y>0.357518 -0.55576 0.750541</y>
            <z>-0.518258 0.550491 0.654498</z>
            <e>0.0708025 0.287627 0.0592841</e>
        </box>
    </node>
    <cL>0</cL>
</document>
