<!--?xml Version = "1.0"?-->
<document>
    <cN>53</cN>
    <node>
        <type>1</type>
        <ID>Bar1</ID>
        <box>
            <c>0.709816 -0.575763 0.397815</c>
            <x>0.00158922 -0.00262912 0.999995</x>
            <y>0.477755 -0.878488 -0.00306892</y>
            <z>-0.878492 -0.477758 0.000140033</z>
            <e>0.307532 0.00594663 0.00546985</e>
        </box>
    </node>
    <node>
        <type>1</type>
        <ID>Bar10</ID>
        <box>
            <c>0.71035 0.572438 0.397854</c>
            <x>-0.00115953 -0.00296606 0.999995</x>
            <y>-0.95324 0.302215 -0.000208928</y>
            <z>0.302213 0.953235 0.00317779</z>
            <e>0.307465 0.0056636 0.00605647</e>
        </box>
    </node>
    <node>
        <type>1</type>
        <ID>Bar11</ID>
        <box>
            <c>0.57413 0.7083 0.397831</c>
            <x>0.000977745 -0.000827586 -0.999999</x>
            <y>-0.647323 0.762215 -0.00126372</y>
            <z>-0.762215 -0.647324 -0.000209536</z>
            <e>0.307529 0.00557726 0.00553542</e>
        </box>
    </node>
    <node>
        <type>1</type>
        <ID>Bar12</ID>
        <box>
            <c>0.446951 0.708394 0.397876</c>
            <x>-0.00175132 0.000863746 0.999998</x>
            <y>-0.910265 0.414021 -0.00195178</y>
            <z>0.414021 0.910267 -6.11542e-05</z>
            <e>0.307428 0.00575378 0.00507399</e>
        </box>
    </node>
    <node>
        <type>1</type>
        <ID>Bar13</ID>
        <box>
            <c>0.319118 0.708291 0.397795</c>
            <x>-0.00177257 -0.00374987 0.999991</x>
            <y>-0.52735 -0.849638 -0.00412083</y>
            <z>-0.849647 0.527352 0.000471451</z>
            <e>0.3075 0.00627125 0.00540977</e>
        </box>
    </node>
    <node>
        <type>1</type>
        <ID>Bar14</ID>
        <box>
            <c>0.19161 0.708544 0.397884</c>
            <x>-0.0071819 -0.0023854 0.999971</x>
            <y>-0.933533 -0.358413 -0.00755971</y>
            <z>-0.358421 0.93356 -0.000347237</z>
            <e>0.307436 0.00728957 0.00545466</e>
        </box>
    </node>
    <node>
        <type>1</type>
        <ID>Bar15</ID>
        <box>
            <c>0.0639607 0.708191 0.397804</c>
            <x>-0.00118968 0.0181913 -0.999834</x>
            <y>0.0106215 0.999778 0.0181776</y>
            <z>-0.999943 0.0105981 0.00138264</z>
            <e>0.307435 0.0111055 0.00553699</e>
        </box>
    </node>
    <node>
        <type>1</type>
        <ID>Bar16</ID>
        <box>
            <c>-0.0636038 0.707837 0.397883</c>
            <x>-0.00028709 0.00886136 0.999961</x>
            <y>-0.0784846 0.996876 -0.00885656</y>
            <z>0.996915 0.0784841 -0.000409288</z>
            <e>0.307456 0.00769196 0.00545308</e>
        </box>
    </node>
    <node>
        <type>1</type>
        <ID>Bar17</ID>
        <box>
            <c>-0.191184 0.708236 0.397795</c>
            <x>8.97713e-05 0.00077562 1</x>
            <y>-0.945487 -0.32566 0.000337466</y>
            <z>-0.32566 0.945487 -0.000704103</z>
            <e>0.307493 0.00533673 0.00557093</e>
        </box>
    </node>
    <node>
        <type>1</type>
        <ID>Bar18</ID>
        <box>
            <c>-0.31861 0.708415 0.397852</c>
            <x>0.605624 -0.795574 0.0167967</x>
            <y>-0.795745 -0.6054 0.0167595</y>
            <z>0.00316468 0.0235158 0.999718</z>
            <e>0.0099847 0.0101571 0.307348</e>
        </box>
    </node>
    <node>
        <type>1</type>
        <ID>Bar19</ID>
        <box>
            <c>-0.446731 0.708084 0.397785</c>
            <x>0.000902138 0.00110387 0.999999</x>
            <y>0.95547 0.295087 -0.0011877</y>
            <z>0.295088 -0.95547 0.000788506</z>
            <e>0.307375 0.0055479 0.00561647</e>
        </box>
    </node>
    <node>
        <type>1</type>
        <ID>Bar2</ID>
        <box>
            <c>0.709555 -0.448063 0.397844</c>
            <x>0.00497381 -0.00399406 0.99998</x>
            <y>-0.485117 -0.874449 -0.00107975</y>
            <z>-0.874435 0.485101 0.00628692</z>
            <e>0.30746 0.00549863 0.00633229</e>
        </box>
    </node>
    <node>
        <type>1</type>
        <ID>Bar20</ID>
        <box>
            <c>-0.57361 0.707889 0.397778</c>
            <x>0.384251 -0.923176 0.00980958</x>
            <y>-0.00452956 0.00874006 0.999952</y>
            <z>0.923217 0.384277 0.000823205</z>
            <e>0.00785903 0.30744 0.00559674</e>
        </box>
    </node>
    <node>
        <type>1</type>
        <ID>Bar21</ID>
        <box>
            <c>-0.710175 0.572178 0.397759</c>
            <x>-0.719188 0.694811 -0.00228475</x>
            <y>-0.0020371 0.00117973 0.999997</y>
            <z>-0.694812 -0.719191 -0.000566956</z>
            <e>0.00622876 0.307433 0.00551768</e>
        </box>
    </node>
    <node>
        <type>1</type>
        <ID>Bar22</ID>
        <box>
            <c>-0.709962 0.444852 0.397638</c>
            <x>-0.011981 0.00904633 0.999887</x>
            <y>-0.766394 0.642196 -0.0149934</y>
            <z>0.64226 0.766487 0.000761127</z>
            <e>0.307194 0.00953971 0.00573157</e>
        </box>
    </node>
    <node>
        <type>1</type>
        <ID>Bar23</ID>
        <box>
            <c>-0.709763 0.31722 0.397752</c>
            <x>2.10851e-05 -0.000925864 1</x>
            <y>-0.997668 0.0682592 8.42347e-05</y>
            <z>0.0682593 0.997667 0.000922265</z>
            <e>0.307442 0.00551314 0.00530277</e>
        </box>
    </node>
    <node>
        <type>1</type>
        <ID>Bar24</ID>
        <box>
            <c>-0.709586 0.189531 0.397928</c>
            <x>0.00436402 0.000847723 0.99999</x>
            <y>0.999629 -0.0268856 -0.00433965</y>
            <z>-0.0268816 -0.999638 0.000964737</z>
            <e>0.307392 0.00659364 0.00544265</e>
        </box>
    </node>
    <node>
        <type>1</type>
        <ID>Bar25</ID>
        <box>
            <c>-0.710012 0.061917 0.397813</c>
            <x>-0.0031045 0.00103048 -0.999995</x>
            <y>-0.973541 0.22849 0.00325783</y>
            <z>-0.228492 -0.973546 -0.000293871</z>
            <e>0.307509 0.00646123 0.00528904</e>
        </box>
    </node>
    <node>
        <type>1</type>
        <ID>Bar26</ID>
        <box>
            <c>-0.709806 -0.0656254 0.397834</c>
            <x>-0.00569124 0.000328182 -0.999984</x>
            <y>-0.998831 0.047994 0.00570044</y>
            <z>-0.0479951 -0.998848 -5.46532e-05</z>
            <e>0.307507 0.00690038 0.00537663</e>
        </box>
    </node>
    <node>
        <type>1</type>
        <ID>Bar27</ID>
        <box>
            <c>-0.709933 -0.193149 0.397811</c>
            <x>-0.00310484 -0.000540593 -0.999995</x>
            <y>-0.96762 -0.252392 0.00314076</y>
            <z>0.252393 -0.967625 -0.000260549</z>
            <e>0.307508 0.00639965 0.0054998</e>
        </box>
    </node>
    <node>
        <type>1</type>
        <ID>Bar28</ID>
        <box>
            <c>-0.709629 -0.320406 0.397814</c>
            <x>-0.00200175 0.00858699 0.999961</x>
            <y>-0.0977434 0.995173 -0.00874154</y>
            <z>0.99521 0.0977571 0.00115277</z>
            <e>0.307452 0.00777057 0.00563032</e>
        </box>
    </node>
    <node>
        <type>1</type>
        <ID>Bar29</ID>
        <box>
            <c>-0.709946 -0.448419 0.397836</c>
            <x>0.018563 0.0153447 0.99971</x>
            <y>0.935145 0.353531 -0.0227905</y>
            <z>0.353778 -0.935297 0.00778697</z>
            <e>0.307314 0.0124059 0.00696</e>
        </box>
    </node>
    <node>
        <type>1</type>
        <ID>Bar3</ID>
        <box>
            <c>0.7101 -0.320588 0.397789</c>
            <x>0.278192 0.960512 0.00514197</x>
            <y>-0.000581071 -0.005185 0.999986</y>
            <z>-0.960525 0.278191 0.000884297</z>
            <e>0.00637147 0.307463 0.00546224</e>
        </box>
    </node>
    <node>
        <type>1</type>
        <ID>Bar30</ID>
        <box>
            <c>-0.70984 -0.575672 0.397787</c>
            <x>0.00502374 0.0024232 0.999984</x>
            <y>0.666123 0.745824 -0.00515379</y>
            <z>0.745825 -0.666139 -0.00213268</z>
            <e>0.307428 0.00668836 0.00571354</e>
        </box>
    </node>
    <node>
        <type>1</type>
        <ID>Bar31</ID>
        <box>
            <c>-0.573722 -0.71206 0.397883</c>
            <x>0.0017671 0.000668843 0.999998</x>
            <y>0.955912 -0.293648 -0.00149279</y>
            <z>-0.293647 -0.955913 0.00115826</z>
            <e>0.307485 0.0056504 0.00540618</e>
        </box>
    </node>
    <node>
        <type>1</type>
        <ID>Bar32</ID>
        <box>
            <c>-0.446392 -0.711838 0.397805</c>
            <x>0.000568701 0.00154815 -0.999999</x>
            <y>0.502338 0.86467 0.00162432</y>
            <z>-0.864671 0.502338 0.000285958</z>
            <e>0.307522 0.00556467 0.00549509</e>
        </box>
    </node>
    <node>
        <type>1</type>
        <ID>Bar33</ID>
        <box>
            <c>-0.318695 -0.711926 0.397908</c>
            <x>0.000497647 -0.00163661 -0.999999</x>
            <y>-0.995025 -0.099629 -0.000332117</y>
            <z>0.0996283 -0.995023 0.00167805</z>
            <e>0.307416 0.00546331 0.00543556</e>
        </box>
    </node>
    <node>
        <type>1</type>
        <ID>Bar34</ID>
        <box>
            <c>-0.191498 -0.711256 0.39784</c>
            <x>0.747303 -0.664467 -0.00462771</x>
            <y>0.00283062 -0.00378096 0.999989</y>
            <z>0.664477 0.747308 0.000944666</z>
            <e>0.00640472 0.307529 0.00517155</e>
        </box>
    </node>
    <node>
        <type>1</type>
        <ID>Bar35</ID>
        <box>
            <c>-0.0639415 -0.711709 0.397883</c>
            <x>0.0022768 -0.00019355 0.999997</x>
            <y>-0.0978532 -0.995201 3.01711e-05</y>
            <z>-0.995198 0.097853 0.00228482</z>
            <e>0.30746 0.00556671 0.00558389</e>
        </box>
    </node>
    <node>
        <type>1</type>
        <ID>Bar36</ID>
        <box>
            <c>0.0638303 -0.711651 0.397818</c>
            <x>-0.000515114 -4.2809e-05 1</x>
            <y>-0.597546 -0.801835 -0.00034213</y>
            <z>-0.801835 0.597546 -0.000387456</z>
            <e>0.30754 0.00549343 0.00547414</e>
        </box>
    </node>
    <node>
        <type>1</type>
        <ID>Bar37</ID>
        <box>
            <c>0.19188 -0.711865 0.397805</c>
            <x>0.00494881 0.00423144 0.999979</x>
            <y>0.770394 0.637535 -0.00651036</y>
            <z>0.637549 -0.77041 0.000104834</z>
            <e>0.307516 0.00704284 0.00533091</e>
        </box>
    </node>
    <node>
        <type>1</type>
        <ID>Bar38</ID>
        <box>
            <c>0.319235 -0.7121 0.397635</c>
            <x>-0.991787 -0.12666 -0.0177573</x>
            <y>0.12604 -0.991492 0.0325277</y>
            <z>0.0217262 -0.0300224 -0.999313</z>
            <e>0.01052 0.0139962 0.307304</e>
        </box>
    </node>
    <node>
        <type>1</type>
        <ID>Bar39</ID>
        <box>
            <c>0.44644 -0.71166 0.397764</c>
            <x>0.00142512 0.00153858 -0.999998</x>
            <y>0.288051 0.957613 0.00188388</y>
            <z>-0.957614 0.288053 -0.000921521</z>
            <e>0.307478 0.00597841 0.00542443</e>
        </box>
    </node>
    <node>
        <type>1</type>
        <ID>Bar4</ID>
        <box>
            <c>0.709976 -0.193222 0.397827</c>
            <x>0.000156496 0.000159497 1</x>
            <y>0.86673 0.498777 -0.000215193</y>
            <z>0.498777 -0.86673 6.01842e-05</z>
            <e>0.307482 0.00549566 0.00551025</e>
        </box>
    </node>
    <node>
        <type>1</type>
        <ID>Bar40</ID>
        <box>
            <c>0.574238 -0.711685 0.397863</c>
            <x>-0.00961561 0.000783511 0.999953</x>
            <y>-0.993544 0.113037 -0.00964255</y>
            <z>0.113039 0.99359 0.000308466</z>
            <e>0.307456 0.00816788 0.00532755</e>
        </box>
    </node>
    <node>
        <type>1</type>
        <ID>Bar5</ID>
        <box>
            <c>0.709882 -0.0658365 0.39789</c>
            <x>-0.342184 0.939627 0.00321486</x>
            <y>0.00350261 -0.00214584 0.999992</y>
            <z>-0.939626 -0.342193 0.00255688</z>
            <e>0.00589099 0.307371 0.00577333</e>
        </box>
    </node>
    <node>
        <type>1</type>
        <ID>Bar6</ID>
        <box>
            <c>0.710074 0.061855 0.397779</c>
            <x>0.000957008 -0.00435043 0.99999</x>
            <y>0.205879 -0.978567 -0.00445426</y>
            <z>-0.978577 -0.205882 4.08313e-05</z>
            <e>0.307471 0.00647729 0.00539832</e>
        </box>
    </node>
    <node>
        <type>1</type>
        <ID>Bar7</ID>
        <box>
            <c>0.710029 0.189552 0.397718</c>
            <x>0.00221845 0.001729 -0.999996</x>
            <y>0.883603 0.468228 0.00276981</y>
            <z>-0.468231 0.883606 0.000489016</z>
            <e>0.307372 0.00583834 0.00536221</e>
        </box>
    </node>
    <node>
        <type>1</type>
        <ID>Bar8</ID>
        <box>
            <c>0.710293 0.31688 0.397831</c>
            <x>0.00139893 5.05246e-05 0.999999</x>
            <y>0.927527 0.373753 -0.00131643</y>
            <z>0.373753 -0.927528 -0.00047599</z>
            <e>0.307532 0.00568575 0.00546759</e>
        </box>
    </node>
    <node>
        <type>1</type>
        <ID>Bar9</ID>
        <box>
            <c>0.709975 0.444796 0.397786</c>
            <x>0.000775862 4.51974e-05 -1</x>
            <y>0.926372 0.376609 0.000735759</y>
            <z>-0.376608 0.926373 -0.000250327</z>
            <e>0.307503 0.00556044 0.00527313</e>
        </box>
    </node>
    <node>
        <type>2</type>
        <ID>Bed</ID>
        <box>
            <c>0.000408567 -0.00134209 0.107666</c>
            <x>1 -0.000538419 0.000102627</x>
            <y>-0.000538457 -1 0.000372487</y>
            <z>-0.000102426 0.000372542 1</z>
            <e>0.692193 0.691447 0.00824059</e>
        </box>
    </node>
    <node>
        <type>1</type>
        <ID>BottomBar1</ID>
        <box>
            <c>-0.00146402 0.710721 0.100281</c>
            <x>0.999988 -0.00055195 0.0048314</x>
            <y>-0.00480393 -0.266283 0.963883</y>
            <z>-0.000754504 0.963895 0.266283</z>
            <e>0.682415 0.0251413 0.0226248</e>
        </box>
    </node>
    <node>
        <type>1</type>
        <ID>BottomBar2</ID>
        <box>
            <c>-0.714635 -0.00246661 0.0993063</c>
            <x>-0.000337273 -0.999999 -0.00157725</x>
            <y>-0.961449 0.000757986 -0.274981</y>
            <z>-0.274982 -0.0014237 0.961448</z>
            <e>0.682381 0.0234655 0.0226621</e>
        </box>
    </node>
    <node>
        <type>1</type>
        <ID>BottomBar3</ID>
        <box>
            <c>-0.00140403 -0.715327 0.100092</c>
            <x>-0.999994 0.00290707 0.00176151</x>
            <y>0.00328611 0.694288 0.71969</y>
            <z>-0.000869195 -0.719692 0.694293</z>
            <e>0.68245 0.0244875 0.0227873</e>
        </box>
    </node>
    <node>
        <type>1</type>
        <ID>BottomBar4</ID>
        <box>
            <c>0.712249 -0.00212083 0.0998697</c>
            <x>-0.00199838 0.999981 -0.00578742</x>
            <y>-0.44192 -0.00607475 -0.897034</y>
            <z>0.897052 -0.000764967 -0.441924</z>
            <e>0.682218 0.0261299 0.0226207</e>
        </box>
    </node>
    <node>
        <type>1</type>
        <ID>Leg1</ID>
        <box>
            <c>0.714274 -0.714445 0.385665</c>
            <x>-0.999317 -0.0368672 0.00233357</x>
            <y>0.0368262 -0.999199 -0.0156891</y>
            <z>-0.00291011 0.0155925 -0.999874</z>
            <e>0.0320873 0.032839 0.43445</e>
        </box>
    </node>
    <node>
        <type>1</type>
        <ID>Leg2</ID>
        <box>
            <c>0.713064 0.716054 0.38601</c>
            <x>0.00316399 0.000433731 0.999995</x>
            <y>-0.999566 0.0292755 0.00314994</y>
            <z>0.029274 0.999571 -0.00052617</z>
            <e>0.434804 0.0321607 0.0307955</e>
        </box>
    </node>
    <node>
        <type>1</type>
        <ID>Leg3</ID>
        <box>
            <c>-0.716448 0.712046 0.386058</c>
            <x>-0.00685731 -0.0102828 0.999924</x>
            <y>0.0225886 -0.999694 -0.0101255</y>
            <z>-0.999721 -0.0225175 -0.00708748</z>
            <e>0.435051 0.0307261 0.0310937</e>
        </box>
    </node>
    <node>
        <type>1</type>
        <ID>Leg4</ID>
        <box>
            <c>-0.716153 -0.708919 0.385553</c>
            <x>-0.00652784 -0.00122507 0.999978</x>
            <y>-0.995934 -0.0898438 -0.00661151</y>
            <z>-0.0898499 0.995955 0.000633601</z>
            <e>0.43479 0.0333696 0.0313585</e>
        </box>
    </node>
    <node>
        <type>1</type>
        <ID>TopBar1</ID>
        <box>
            <c>-0.00168949 0.711404 0.705979</c>
            <x>-0.999947 -0.0100391 -0.00244557</x>
            <y>0.0102712 -0.991531 -0.129462</y>
            <z>0.00112518 0.12948 -0.991581</z>
            <e>0.682202 0.0273917 0.02281</e>
        </box>
    </node>
    <node>
        <type>1</type>
        <ID>TopBar2</ID>
        <box>
            <c>-0.715107 -0.00245041 0.706674</c>
            <x>0.00206231 0.999996 0.00177012</x>
            <y>0.552798 -0.00261511 0.833311</y>
            <z>-0.833313 0.000740026 0.552801</z>
            <e>0.682247 0.0238261 0.0232086</e>
        </box>
    </node>
    <node>
        <type>1</type>
        <ID>TopBar3</ID>
        <box>
            <c>-0.00148658 -0.715315 0.706928</c>
            <x>0.999999 -0.000431693 -0.00152498</x>
            <y>-0.00152843 -0.00808987 -0.999966</y>
            <z>-0.000419342 -0.999967 0.00809052</z>
            <e>0.682419 0.023637 0.0227394</e>
        </box>
    </node>
    <node>
        <type>1</type>
        <ID>TopBar4</ID>
        <box>
            <c>0.711463 -0.00222462 0.707017</c>
            <x>0.99999 -0.00435749 0.000829097</x>
            <y>-0.00435636 -0.99999 -0.001357</y>
            <z>-0.000835001 -0.00135337 0.999999</z>
            <e>0.0246177 0.682487 0.0228187</e>
        </box>
    </node>
    <cL>0</cL>
</document>
