<!--?xml Version = "1.0"?-->
<document>
    <cN>31</cN>
    <node>
        <type>1</type>
        <ID>Leg01</ID>
        <box>
            <c>0.995682 0.525402 0.371122</c>
            <x>0.000582733 -1 0</x>
            <y>-9.47794e-05 -5.52311e-08 -1</y>
            <z>1 0.000582733 -9.47794e-05</z>
            <e>0.033006 0.394991 0.0330453</e>
        </box>
    </node>
    <node>
        <type>1</type>
        <ID>Leg02</ID>
        <box>
            <c>-1.04102 0.524876 0.372165</c>
            <x>1.22177e-05 -1.74681e-06 1</x>
            <y>-0.141535 -0.989933 0</y>
            <z>0.989933 -0.141535 -1.23419e-05</z>
            <e>0.395868 0.0326737 0.032678</e>
        </box>
    </node>
    <node>
        <type>1</type>
        <ID>Leg03</ID>
        <box>
            <c>-1.04101 -0.530181 0.372168</c>
            <x>2.65019e-05 -5.31723e-07 1</x>
            <y>0.0200595 0.999799 0</y>
            <z>-0.999799 0.0200595 2.65073e-05</z>
            <e>0.395872 0.0329994 0.0330088</e>
        </box>
    </node>
    <node>
        <type>1</type>
        <ID>Leg04</ID>
        <box>
            <c>1.03985 -0.530181 0.372165</c>
            <x>-0.995423 -0.0955648 0</x>
            <y>-9.13739e-06 9.5177e-05 -1</y>
            <z>0.0955648 -0.995423 -9.56146e-05</z>
            <e>0.0328586 0.395871 0.0328926</e>
        </box>
    </node>
    <node>
        <type>1</type>
        <ID>Leg05</ID>
        <box>
            <c>0.997696 -0.530706 0.371122</c>
            <x>9.47791e-05 -1.73424e-08 1</x>
            <y>-0.000182977 -1 0</y>
            <z>1 -0.000182977 -9.47791e-05</z>
            <e>0.394991 0.033006 0.0330413</e>
        </box>
    </node>
    <node>
        <type>1</type>
        <ID>Leg06</ID>
        <box>
            <c>-0.998865 -0.530706 0.371122</c>
            <x>-1 3.43726e-05 3.25597e-09</x>
            <y>-3.25586e-09 3.2564e-09 -1</y>
            <z>-3.43726e-05 -1 -3.25628e-09</z>
            <e>0.033005 0.394988 0.033006</e>
        </box>
    </node>
    <node>
        <type>1</type>
        <ID>Leg07</ID>
        <box>
            <c>1.03985 0.524877 0.372165</c>
            <x>-0.995423 0.0955647 0</x>
            <y>-9.13739e-06 -9.5177e-05 -1</y>
            <z>-0.0955647 -0.995423 9.56146e-05</z>
            <e>0.0328586 0.395871 0.0328926</e>
        </box>
    </node>
    <node>
        <type>1</type>
        <ID>Leg08</ID>
        <box>
            <c>-0.998865 0.525402 0.371122</c>
            <x>-1 -3.43663e-05 3.25537e-09</x>
            <y>-3.25526e-09 -3.2558e-09 -1</y>
            <z>3.43663e-05 -1 3.25569e-09</z>
            <e>0.033005 0.394988 0.033006</e>
        </box>
    </node>
    <node>
        <type>2</type>
        <ID>UnderBar01</ID>
        <box>
            <c>-1.06404 -0.00212727 0.869528</c>
            <x>-0.00133699 -0.999987 0.0048669</x>
            <y>-0.313619 0.00504066 0.949536</y>
            <z>-0.949548 -0.000256834 -0.313621</z>
            <e>0.560528 0.124167 0.0512756</e>
        </box>
    </node>
    <node>
        <type>1</type>
        <ID>UnderBar02</ID>
        <box>
            <c>0.000438612 -0.530711 0.863638</c>
            <x>0.000139567 -0.00070422 1</x>
            <y>-1 3.38189e-06 0.000139569</y>
            <z>-3.48018e-06 -1 -0.00070422</z>
            <e>0.117186 1.03027 0.0330744</e>
        </box>
    </node>
    <node>
        <type>2</type>
        <ID>UnderBar03</ID>
        <box>
            <c>1.06287 -0.00317672 0.869528</c>
            <x>-0.313618 0.00504066 -0.949536</x>
            <y>-0.00133783 -0.999987 -0.00486662</y>
            <z>-0.949548 -0.000255943 0.313621</z>
            <e>0.124167 0.560528 0.0512754</e>
        </box>
    </node>
    <node>
        <type>1</type>
        <ID>UnderBar04</ID>
        <box>
            <c>-0.00160361 0.525407 0.863638</c>
            <x>1 -3.3819e-06 0.000139569</x>
            <y>-0.000139567 0.00070422 1</y>
            <z>-3.48018e-06 -1 0.00070422</z>
            <e>1.03028 0.117186 0.0330744</e>
        </box>
    </node>
    <node>
        <type>1</type>
        <ID>UnderStrightBar03</ID>
        <box>
            <c>-0.00162 -0.523058 0.250528</c>
            <x>-1.43196e-07 -0.181427 0.983404</x>
            <y>-1 8.00097e-07 1.99628e-09</y>
            <z>-7.87181e-07 -0.983404 -0.181427</z>
            <e>0.026239 1.05738 0.0262391</e>
        </box>
    </node>
    <node>
        <type>1</type>
        <ID>UnderStrightBar01</ID>
        <box>
            <c>-0.00162 0.517754 0.250528</c>
            <x>1 8.00097e-07 -1.99628e-09</x>
            <y>1.43196e-07 -0.181427 -0.983404</y>
            <z>-7.87181e-07 0.983404 -0.181427</z>
            <e>1.05738 0.026239 0.0262391</e>
        </box>
    </node>
    <node>
        <type>1</type>
        <ID>UnderCurvedBar02</ID>
        <box>
            <c>-0.00263542 0.523478 0.141723</c>
            <x>-0.00167175 0.00241013 -0.999996</x>
            <y>0.999999 0.000142751 -0.00167141</y>
            <z>0.000138722 -0.999997 -0.00241037</z>
            <e>0.0883788 1.01283 0.027704</e>
        </box>
    </node>
    <node>
        <type>1</type>
        <ID>UnderCurvedBar04</ID>
        <box>
            <c>-0.00263542 -0.528782 0.141723</c>
            <x>-0.00167175 -0.00241013 -0.999996</x>
            <y>0.999999 -0.000142751 -0.00167141</y>
            <z>-0.000138722 -0.999997 0.00241037</z>
            <e>0.0883788 1.01283 0.027704</e>
        </box>
    </node>
    <node>
        <type>1</type>
        <ID>UnderCurvedBar01</ID>
        <box>
            <c>-1.02907 -0.00674352 0.140346</c>
            <x>2.82747e-11 0.999984 0.00562977</x>
            <y>3.76049e-07 -0.00562977 0.999984</y>
            <z>1 2.0888e-09 -3.76043e-07</z>
            <e>0.543886 0.0838596 0.02751</e>
        </box>
    </node>
    <node>
        <type>1</type>
        <ID>UnderCurvedBar03</ID>
        <box>
            <c>1.0279 -0.00674352 0.140346</c>
            <x>2.82734e-11 -0.999984 -0.00562977</x>
            <y>3.76049e-07 0.00562977 -0.999984</y>
            <z>1 -2.0888e-09 3.76043e-07</z>
            <e>0.543886 0.0838596 0.02751</e>
        </box>
    </node>
    <node>
        <type>1</type>
        <ID>UnderStrightBar02</ID>
        <box>
            <c>-1.03149 -0.006011 0.250529</c>
            <x>-0.945929 -8.67362e-19 0.324373</x>
            <y>-5.32292e-07 -1 -1.55226e-06</y>
            <z>0.324373 -1.64099e-06 0.945929</z>
            <e>0.0264192 0.551006 0.0265054</e>
        </box>
    </node>
    <node>
        <type>1</type>
        <ID>UnderStrightBar04</ID>
        <box>
            <c>1.03033 -0.006011 0.250531</c>
            <x>-0.256252 8.67362e-19 0.96661</x>
            <y>-3.2725e-06 -1 -8.67551e-07</y>
            <z>0.96661 -3.38554e-06 0.256252</z>
            <e>0.0265669 0.551006 0.0261754</e>
        </box>
    </node>
    <node>
        <type>1</type>
        <ID>MiddleBounds03</ID>
        <box>
            <c>0.0055385 0.325683 0.25066</c>
            <x>1 0 0</x>
            <y>0 1 -0.000431755</y>
            <z>0 0.000431755 1</z>
            <e>0.693165 0.0275065 0.0275065</e>
        </box>
    </node>
    <node>
        <type>1</type>
        <ID>MiddleBounds01</ID>
        <box>
            <c>0.0055385 -0.330987 0.25066</c>
            <x>-1 0 0</x>
            <y>0 1 0.000431763</y>
            <z>0 0.000431763 -1</z>
            <e>0.693165 0.0275065 0.0275065</e>
        </box>
    </node>
    <node>
        <type>1</type>
        <ID>MiddleBounds02</ID>
        <box>
            <c>-0.688074 -0.0098925 0.250659</c>
            <x>2.22045e-16 1 -1.11022e-16</x>
            <y>0.115668 0 0.993288</y>
            <z>0.993288 -2.19258e-16 -0.115668</z>
            <e>0.532241 0.0273219 0.0273189</e>
        </box>
    </node>
    <node>
        <type>1</type>
        <ID>MiddleBounds04</ID>
        <box>
            <c>0.686906 -0.0098925 0.250659</c>
            <x>0 -1 1.11022e-16</x>
            <y>0.115573 0 -0.993299</y>
            <z>0.993299 1.20539e-17 0.115573</z>
            <e>0.532241 0.0273222 0.0273192</e>
        </box>
    </node>
    <node>
        <type>1</type>
        <ID>SmallMiddle01</ID>
        <box>
            <c>0.327841 -0.000746 0.250659</c>
            <x>-2.77556e-16 1 0</x>
            <y>0.00011362 0 1</y>
            <z>1 2.5203e-16 -0.00011362</z>
            <e>0.330384 0.0165015 0.0165015</e>
        </box>
    </node>
    <node>
        <type>1</type>
        <ID>SmallMiddle02</ID>
        <box>
            <c>0.119695 -0.000746 0.250659</c>
            <x>4.16334e-17 -1 1.66533e-16</x>
            <y>1.48679e-05 0 -1</y>
            <z>1 4.20075e-17 1.48679e-05</z>
            <e>0.330384 0.0165015 0.0165015</e>
        </box>
    </node>
    <node>
        <type>1</type>
        <ID>SmallMiddle03</ID>
        <box>
            <c>-0.0884494 -0.000746 0.25066</c>
            <x>4.16334e-17 1 -1.11022e-16</x>
            <y>4.61499e-05 0 1</y>
            <z>1 -4.20108e-17 -4.61499e-05</z>
            <e>0.330384 0.0165015 0.0165046</e>
        </box>
    </node>
    <node>
        <type>1</type>
        <ID>SmallMiddle04</ID>
        <box>
            <c>-0.296596 -0.000746 0.250659</c>
            <x>1.11022e-16 1 0</x>
            <y>2.1867e-06 0 1</y>
            <z>1 -8.401e-17 -2.1867e-06</z>
            <e>0.330384 0.0165015 0.0165045</e>
        </box>
    </node>
    <node>
        <type>1</type>
        <ID>SmallMiddle05</ID>
        <box>
            <c>-0.50474 -0.000746 0.250659</c>
            <x>3.33067e-16 1 -1.11022e-16</x>
            <y>0.393856 0 0.919172</y>
            <z>0.919172 -3.58511e-16 -0.393856</z>
            <e>0.330384 0.0163889 0.0163889</e>
        </box>
    </node>
    <node>
        <type>1</type>
        <ID>SmallMiddle06</ID>
        <box>
            <c>0.535985 -0.000746 0.250659</c>
            <x>-5.55112e-16 1 -1.66533e-16</x>
            <y>5.98493e-06 0 1</y>
            <z>1 5.04059e-16 -5.98493e-06</z>
            <e>0.330384 0.0165015 0.0165045</e>
        </box>
    </node>
    <node>
        <type>2</type>
        <ID>Top</ID>
        <box>
            <c>-6.52673e-05 -0.00265521 0.998617</c>
            <x>-1 6.8047e-08 7.52145e-05</x>
            <y>-6.93889e-18 1 -0.000904706</y>
            <z>-7.52145e-05 -0.000904706 -1</z>
            <e>1.1413 0.565157 0.0371124</e>
        </box>
    </node>
    <cL>0</cL>
</document>
