<!--?xml Version = "1.0"?-->
<document>
    <cN>16</cN>
    <node>
        <type>1</type>
        <ID>ArmBarLeft</ID>
        <box>
            <c>0.304255 -0.184976 0.798724</c>
            <x>-9.00733e-05 0.00142652 0.999999</x>
            <y>0.503598 0.863937 -0.00118706</y>
            <z>0.863938 -0.503597 0.00079621</z>
            <e>0.078492 0.0125124 0.0124473</e>
        </box>
    </node>
    <node>
        <type>1</type>
        <ID>ArmBarRight</ID>
        <box>
            <c>-0.302085 -0.185016 0.798714</c>
            <x>0.00165822 -5.08575e-05 0.999999</x>
            <y>-0.940658 0.339353 0.00157708</y>
            <z>0.339352 0.940659 -0.000514881</z>
            <e>0.0784702 0.0125422 0.0124256</e>
        </box>
    </node>
    <node>
        <type>1</type>
        <ID>ArmRestLeft</ID>
        <box>
            <c>0.292512 -0.0264332 0.883458</c>
            <x>0.0563 -0.998414 -0.00030798</x>
            <y>-0.998414 -0.0562999 -0.000420474</y>
            <z>-0.000402468 -0.000331164 1</z>
            <e>0.221767 0.0428448 0.0166331</e>
        </box>
    </node>
    <node>
        <type>1</type>
        <ID>ArmRestRight</ID>
        <box>
            <c>-0.298546 -0.0261033 0.883826</c>
            <x>0.0287906 0.99957 0.00554889</x>
            <y>0.999583 -0.0287784 -0.00225549</y>
            <z>0.00209483 -0.00561152 0.999982</z>
            <e>0.221972 0.0428303 0.017351</e>
        </box>
    </node>
    <node>
        <type>2</type>
        <ID>Back</ID>
        <box>
            <c>0.000827224 0.206607 0.999117</c>
            <x>-0.999998 -0.00026594 -0.00176442</x>
            <y>0.00176281 0.00591513 -0.999981</y>
            <z>-0.000276371 0.999982 0.00591465</z>
            <e>0.308973 0.0809904 0.0222688</e>
        </box>
    </node>
    <node>
        <type>1</type>
        <ID>BarLeft</ID>
        <box>
            <c>0.305129 0.188933 0.905952</c>
            <x>-0.00163725 -0.00116955 -0.999998</x>
            <y>-0.134006 0.99098 -0.000939603</y>
            <z>-0.990979 -0.134004 0.00177921</z>
            <e>0.191134 0.0152755 0.015104</e>
        </box>
    </node>
    <node>
        <type>1</type>
        <ID>BarRight</ID>
        <box>
            <c>-0.302271 0.189442 0.905635</c>
            <x>-0.000272429 0.00797696 0.999968</x>
            <y>-0.0291152 0.999544 -0.00798151</y>
            <z>0.999576 0.0291164 4.0054e-05</z>
            <e>0.190919 0.0158043 0.0153926</e>
        </box>
    </node>
    <node>
        <type>1</type>
        <ID>BottomBarBack</ID>
        <box>
            <c>0.000228274 0.206728 0.174234</c>
            <x>0.99994 -0.00209161 0.0107382</x>
            <y>-0.00192364 -0.999876 -0.0156289</y>
            <z>-0.0107696 -0.0156073 0.99982</z>
            <e>0.222778 0.0247377 0.0164666</e>
        </box>
    </node>
    <node>
        <type>1</type>
        <ID>BottomBarFront</ID>
        <box>
            <c>0.000770455 -0.201191 0.17432</c>
            <x>0.999997 -0.00260922 -0.000273549</x>
            <y>-0.00261153 -0.999958 -0.00881605</y>
            <z>0.000250534 -0.00881674 0.999961</z>
            <e>0.222723 0.0247751 0.0143519</e>
        </box>
    </node>
    <node>
        <type>1</type>
        <ID>LegBackLeft</ID>
        <box>
            <c>-0.0244475 0.226272 0.319439</c>
            <x>0.656855 -0.0131215 0.753903</x>
            <y>-0.00557881 -0.999906 -0.0125425</y>
            <z>-0.753996 -0.00403274 0.656867</z>
            <e>0.461343 0.0252799 0.0196054</e>
        </box>
    </node>
    <node>
        <type>1</type>
        <ID>LegBackRight</ID>
        <box>
            <c>0.032333 0.18755 0.318879</c>
            <x>0.655109 0.00112634 -0.755534</x>
            <y>-0.755298 -0.0240489 -0.65494</y>
            <z>0.0189075 -0.99971 0.0149039</z>
            <e>0.461497 0.0198698 0.0195133</e>
        </box>
    </node>
    <node>
        <type>1</type>
        <ID>LegFrontLeft</ID>
        <box>
            <c>-0.0244663 -0.22241 0.319483</c>
            <x>0.656083 -0.000312945 0.754689</x>
            <y>0.754548 -0.0190454 -0.655968</y>
            <z>-0.0145786 -0.999819 0.0122592</z>
            <e>0.461515 0.0191346 0.0192548</e>
        </box>
    </node>
    <node>
        <type>1</type>
        <ID>LegFrontRight</ID>
        <box>
            <c>0.032377 -0.186469 0.318735</c>
            <x>-0.657954 0.0305501 0.752438</x>
            <y>0.0234057 -0.997864 0.0609814</y>
            <z>-0.752694 -0.0577344 -0.655834</z>
            <e>0.46132 0.033677 0.0193235</e>
        </box>
    </node>
    <node>
        <type>2</type>
        <ID>Seat</ID>
        <box>
            <c>0.00505629 0.00202725 0.673618</c>
            <x>-0.999965 -0.00152729 -0.0082854</x>
            <y>0.00151942 -0.999998 0.000955669</y>
            <z>0.00828684 -0.000943046 -0.999965</z>
            <e>0.269219 0.249836 0.0236928</e>
        </box>
    </node>
    <node>
        <type>1</type>
        <ID>SeatBarLeft</ID>
        <box>
            <c>0.298177 0.000852898 0.694738</c>
            <x>-0.0139047 -0.999779 0.015782</x>
            <y>0.751335 -0.0208614 -0.659591</y>
            <z>-0.659774 -0.00268614 -0.751459</z>
            <e>0.25648 0.0367875 0.0470951</e>
        </box>
    </node>
    <node>
        <type>1</type>
        <ID>SeatBarRight</ID>
        <box>
            <c>-0.286075 0.000892957 0.698313</c>
            <x>0.66866 -0.00202083 -0.743566</x>
            <y>-0.743563 0.00183083 -0.668663</y>
            <z>-0.00271259 -0.999996 0.000278413</z>
            <e>0.0471588 0.0368854 0.255978</e>
        </box>
    </node>
    <cL>0</cL>
</document>
