<!--?xml Version = "1.0"?-->
<document>
    <cN>16</cN>
    <node>
        <type>1</type>
        <ID>ArmBarLeft</ID>
        <box>
            <c>0.304025 -0.185078 0.7987</c>
            <x>0.00162381 0.00123212 0.999998</x>
            <y>-0.946989 0.321263 0.0011419</y>
            <z>0.321261 0.946989 -0.00168847</z>
            <e>0.0784411 0.0125568 0.012373</e>
        </box>
    </node>
    <node>
        <type>1</type>
        <ID>ArmBarRight</ID>
        <box>
            <c>-0.302045 -0.185077 0.798716</c>
            <x>0.000911476 -0.000810905 0.999999</x>
            <y>0.940399 -0.34007 -0.00113292</y>
            <z>-0.340071 -0.9404 -0.000452608</z>
            <e>0.0784731 0.0126699 0.0123496</e>
        </box>
    </node>
    <node>
        <type>1</type>
        <ID>ArmRestLeft</ID>
        <box>
            <c>0.296063 -0.0265823 0.883087</c>
            <x>0.0363154 -0.999338 0.00218907</x>
            <y>-0.999339 -0.0363183 -0.00132889</y>
            <z>-0.00140751 0.00213936 0.999997</z>
            <e>0.221855 0.0426369 0.0168467</e>
        </box>
    </node>
    <node>
        <type>1</type>
        <ID>ArmRestRight</ID>
        <box>
            <c>-0.298781 -0.0261476 0.883522</c>
            <x>0.0276426 0.999617 0.000881169</x>
            <y>0.999618 -0.0276428 0.000160279</y>
            <z>-0.000184576 -0.000876402 1</z>
            <e>0.221984 0.042803 0.0166639</e>
        </box>
    </node>
    <node>
        <type>2</type>
        <ID>Back</ID>
        <box>
            <c>0.00117069 0.20249 0.998947</c>
            <x>-0.999659 -0.025874 0.00360132</x>
            <y>0.00352736 0.00290366 0.99999</y>
            <z>0.0258842 -0.999661 0.0028114</z>
            <e>0.308816 0.0815361 0.0264928</e>
        </box>
    </node>
    <node>
        <type>1</type>
        <ID>BarLeft</ID>
        <box>
            <c>0.305012 0.187757 0.905632</c>
            <x>-0.000332091 0.00945271 -0.999955</x>
            <y>-0.208556 0.977966 0.0093141</y>
            <z>-0.97801 -0.20855 -0.00164665</z>
            <e>0.190876 0.0159504 0.0149248</e>
        </box>
    </node>
    <node>
        <type>1</type>
        <ID>BarRight</ID>
        <box>
            <c>-0.301685 0.190092 0.905506</c>
            <x>-0.608976 -0.793078 0.0132346</x>
            <y>-0.793166 0.609 -0.00259165</y>
            <z>0.00600451 0.0120755 0.999909</z>
            <e>0.0161754 0.0152755 0.190872</e>
        </box>
    </node>
    <node>
        <type>1</type>
        <ID>BottomBarBack</ID>
        <box>
            <c>0.000579099 0.206619 0.174119</c>
            <x>0.999999 0.00136484 -0.000930821</x>
            <y>-0.00138862 0.99966 -0.0260377</y>
            <z>-0.000894967 -0.026039 -0.999661</z>
            <e>0.222828 0.0247084 0.0149898</e>
        </box>
    </node>
    <node>
        <type>1</type>
        <ID>BottomBarFront</ID>
        <box>
            <c>0.000485829 -0.201173 0.174153</c>
            <x>-0.999997 0.00244342 -0.000222194</x>
            <y>0.00244308 0.999996 0.00151877</y>
            <z>-0.000225904 -0.00151822 0.999999</z>
            <e>0.223014 0.0245985 0.0143749</e>
        </box>
    </node>
    <node>
        <type>1</type>
        <ID>LegBackLeft</ID>
        <box>
            <c>-0.0226905 0.225942 0.318143</c>
            <x>-0.0634222 0.99588 0.0648188</x>
            <y>0.756619 0.0903344 -0.647586</y>
            <z>0.650773 -0.0079718 0.759231</z>
            <e>0.0231253 0.0222493 0.461414</e>
        </box>
    </node>
    <node>
        <type>1</type>
        <ID>LegBackRight</ID>
        <box>
            <c>0.0317618 0.188649 0.319516</c>
            <x>0.655534 0.000665714 -0.755165</x>
            <y>-0.754914 0.0264011 -0.655293</y>
            <z>-0.0195009 -0.999651 -0.0178094</z>
            <e>0.461297 0.0194217 0.0195112</e>
        </box>
    </node>
    <node>
        <type>1</type>
        <ID>LegFrontLeft</ID>
        <box>
            <c>-0.0239482 -0.222676 0.319692</c>
            <x>0.669831 -0.000255825 0.742513</x>
            <y>0.742493 0.00754043 -0.669811</y>
            <z>0.00542751 -0.999972 -0.00524076</z>
            <e>0.461643 0.0265406 0.0194797</e>
        </box>
    </node>
    <node>
        <type>1</type>
        <ID>LegFrontRight</ID>
        <box>
            <c>0.0323304 -0.185693 0.319368</c>
            <x>0.00699276 -0.999959 -0.0057141</x>
            <y>0.656475 0.00890105 -0.754295</y>
            <z>-0.754315 -0.00152344 -0.656511</z>
            <e>0.0233814 0.461368 0.019075</e>
        </box>
    </node>
    <node>
        <type>2</type>
        <ID>Seat</ID>
        <box>
            <c>0.00513866 0.00210515 0.673543</c>
            <x>-0.999975 -0.00144557 -0.00687828</x>
            <y>0.00143194 -0.999997 0.00198678</y>
            <z>0.00688114 -0.00197688 -0.999974</z>
            <e>0.26912 0.24995 0.023841</e>
        </box>
    </node>
    <node>
        <type>1</type>
        <ID>SeatBarLeft</ID>
        <box>
            <c>0.295126 0.000869513 0.681974</c>
            <x>1 0 0</x>
            <y>0 1 0</y>
            <z>0 0 1</z>
            <e>0.0434105 0.253256 0.0402205</e>
        </box>
    </node>
    <node>
        <type>1</type>
        <ID>SeatBarRight</ID>
        <box>
            <c>-0.287378 0.000869513 0.681974</c>
            <x>1 0 0</x>
            <y>0 1 0</y>
            <z>0 0 1</z>
            <e>0.043411 0.253256 0.0402205</e>
        </box>
    </node>
    <cL>0</cL>
</document>
