<!--?xml Version = "1.0"?-->
<document>
    <cN>8</cN>
    <node>
        <type>1</type>
        <ID>Leg01</ID>
        <box>
            <c>0.355022 0.192206 0.288596</c>
            <x>-0.603614 -0.11291 0.789241</x>
            <y>-0.775785 -0.145119 -0.614083</y>
            <z>0.18387 -0.982951 2.16038e-06</z>
            <e>0.436852 0.0481647 0.0399121</e>
        </box>
    </node>
    <node>
        <type>1</type>
        <ID>Leg02</ID>
        <box>
            <c>-0.178142 0.388955 0.288596</c>
            <x>0.394724 -0.470415 0.789242</x>
            <y>0.507317 -0.604593 -0.614083</y>
            <z>0.766044 0.642789 1.92139e-06</z>
            <e>0.436852 0.0481643 0.0399114</e>
        </box>
    </node>
    <node>
        <type>1</type>
        <ID>Leg03</ID>
        <box>
            <c>-0.080159 -0.168735 0.288595</c>
            <x>-0.268504 -0.742164 0.614083</x>
            <y>-0.208914 -0.577454 -0.789242</y>
            <z>0.940351 -0.340205 1.51544e-07</z>
            <e>0.0481641 0.436852 0.0399123</e>
        </box>
    </node>
    <node>
        <type>1</type>
        <ID>Trunk</ID>
        <box>
            <c>0.032091 0.138561 0.550119</c>
            <x>-0.81139 -0.584505 0</x>
            <y>-2.83391e-05 3.93393e-05 -1</y>
            <z>0.584505 -0.81139 -4.84838e-05</z>
            <e>0.0529743 0.389704 0.0527156</e>
        </box>
    </node>
    <node>
        <type>2</type>
        <ID>Seat</ID>
        <box>
            <c>0.0372396 0.137407 0.996086</c>
            <x>-0.613706 0.789535 2.21302e-08</x>
            <y>0.789535 0.613706 -4.83598e-08</y>
            <z>-5.17632e-08 -1.22062e-08 -1</z>
            <e>0.289604 0.289604 0.0562435</e>
        </box>
    </node>
    <node>
        <type>1</type>
        <ID>Support02</ID>
        <box>
            <c>-0.105763 0.278948 0.270705</c>
            <x>0.00664328 -0.00473431 0.999967</x>
            <y>-0.653097 0.757233 0.00792395</y>
            <z>-0.757245 -0.653128 0.00193854</z>
            <e>0.0168102 0.160629 0.00889806</e>
        </box>
    </node>
    <node>
        <type>1</type>
        <ID>Support03</ID>
        <box>
            <c>-0.0235862 -0.0558809 0.270705</c>
            <x>0.308011 0.95135 -0.00792393</x>
            <y>-0.000596006 -0.00813591 -0.999967</y>
            <z>-0.951382 0.308006 -0.00193894</z>
            <e>0.160629 0.0168102 0.00889763</e>
        </box>
    </node>
    <node>
        <type>1</type>
        <ID>Support01</ID>
        <box>
            <c>0.233573 0.190033 0.270705</c>
            <x>0.00731891 0.00360295 -0.999967</x>
            <y>-0.976409 -0.215782 -0.00792397</y>
            <z>-0.215803 0.976435 0.00193866</z>
            <e>0.0168102 0.160628 0.00889808</e>
        </box>
    </node>
    <cL>0</cL>
</document>
