<!--?xml Version = "1.0"?-->
<document>
    <cN>22</cN>
    <node>
        <type>2</type>
        <ID>Head</ID>
        <box>
            <c>-0.0444895 0.183874 1.02637</c>
            <x>1 0 0</x>
            <y>0 1 0</y>
            <z>0 0 1</z>
            <e>0.171225 0.45585 0.12745</e>
        </box>
    </node>
    <node>
        <type>1</type>
        <ID>MissileLeft03</ID>
        <box>
            <c>0.934352 0.251243 0.625752</c>
            <x>1 0 0</x>
            <y>0 1 0</y>
            <z>0 0 1</z>
            <e>0.05575 0.403035 0.0557505</e>
        </box>
    </node>
    <node>
        <type>1</type>
        <ID>MissileLeft02</ID>
        <box>
            <c>0.988981 0.251243 0.723172</c>
            <x>1 0 0</x>
            <y>0 1 0</y>
            <z>0 0 1</z>
            <e>0.0557495 0.403035 0.0557505</e>
        </box>
    </node>
    <node>
        <type>1</type>
        <ID>MissileLeft01</ID>
        <box>
            <c>0.932006 0.251243 0.819027</c>
            <x>1 0 0</x>
            <y>0 1 0</y>
            <z>0 0 1</z>
            <e>0.0557495 0.403035 0.055751</e>
        </box>
    </node>
    <node>
        <type>1</type>
        <ID>MissileLeft04</ID>
        <box>
            <c>0.877346 0.251243 0.721843</c>
            <x>1 0 0</x>
            <y>0 1 0</y>
            <z>0 0 1</z>
            <e>0.05575 0.403035 0.055751</e>
        </box>
    </node>
    <node>
        <type>1</type>
        <ID>MissileRight02</ID>
        <box>
            <c>-0.88589 0.251243 0.723172</c>
            <x>1 0 0</x>
            <y>0 1 0</y>
            <z>0 0 1</z>
            <e>0.05575 0.403035 0.0557505</e>
        </box>
    </node>
    <node>
        <type>1</type>
        <ID>MissileRight03</ID>
        <box>
            <c>-0.94052 0.251243 0.625752</c>
            <x>1 0 0</x>
            <y>0 1 0</y>
            <z>0 0 1</z>
            <e>0.05575 0.403035 0.0557505</e>
        </box>
    </node>
    <node>
        <type>1</type>
        <ID>MissileRight04</ID>
        <box>
            <c>-0.997522 0.251243 0.721843</c>
            <x>1 0 0</x>
            <y>0 1 0</y>
            <z>0 0 1</z>
            <e>0.055748 0.403035 0.055751</e>
        </box>
    </node>
    <node>
        <type>1</type>
        <ID>MissileRight01</ID>
        <box>
            <c>-0.942866 0.251243 0.819027</c>
            <x>1 0 0</x>
            <y>0 1 0</y>
            <z>0 0 1</z>
            <e>0.05575 0.403035 0.055751</e>
        </box>
    </node>
    <node>
        <type>1</type>
        <ID>Body</ID>
        <box>
            <c>0.012445 0.297928 0.768824</c>
            <x>1 0 0</x>
            <y>0 1 0</y>
            <z>0 0 1</z>
            <e>0.862971 0.085429 0.131739</e>
        </box>
    </node>
    <node>
        <type>2</type>
        <ID>LegLeft</ID>
        <box>
            <c>0.51348 0.292545 0.29336</c>
            <x>-0.048331 0.913543 -0.403859</x>
            <y>-0.0329993 -0.405572 -0.913467</y>
            <z>-0.998286 -0.0308217 0.049748</z>
            <e>0.171746 0.375354 0.0932456</e>
        </box>
    </node>
    <node>
        <type>2</type>
        <ID>LegRight</ID>
        <box>
            <c>-0.514248 0.292545 0.29336</c>
            <x>-0.0483273 0.913544 -0.40386</x>
            <y>-0.0329986 -0.405572 -0.913467</y>
            <z>-0.998286 -0.0308186 0.0497458</z>
            <e>0.171746 0.375354 0.0932453</e>
        </box>
    </node>
    <node>
        <type>2</type>
        <ID>LeftLeg01</ID>
        <box>
            <c>0.521113 -0.145333 0.0220895</c>
            <x>-0.999995 -5.55112e-17 0.00306214</x>
            <y>0.000320313 0.994514 0.104604</y>
            <z>-0.00304534 0.104604 -0.994509</z>
            <e>0.0859154 0.203376 0.0432932</e>
        </box>
    </node>
    <node>
        <type>2</type>
        <ID>RightLeg01</ID>
        <box>
            <c>-0.506616 -0.145333 0.0220895</c>
            <x>-0.999995 -2.77556e-17 0.00306127</x>
            <y>0.000320222 0.994514 0.104604</y>
            <z>-0.00304448 0.104604 -0.994509</z>
            <e>0.0859164 0.203376 0.0432932</e>
        </box>
    </node>
    <node>
        <type>2</type>
        <ID>LeftLeg02</ID>
        <box>
            <c>0.255967 0.108173 0.0220895</c>
            <x>0.994514 -0.000318711 0.104603</x>
            <y>-1.55149e-06 0.999995 0.00306159</y>
            <z>-0.104604 -0.00304496 0.994509</z>
            <e>0.203376 0.0859154 0.0432932</e>
        </box>
    </node>
    <node>
        <type>2</type>
        <ID>RightLeg02</ID>
        <box>
            <c>-0.771761 0.108173 0.0220895</c>
            <x>0.994514 -0.000318706 0.104603</x>
            <y>-1.55149e-06 0.999995 0.00306155</y>
            <z>-0.104604 -0.00304491 0.994509</z>
            <e>0.203376 0.0859154 0.0432933</e>
        </box>
    </node>
    <node>
        <type>2</type>
        <ID>RightLeg04</ID>
        <box>
            <c>-0.264547 0.108173 0.0220895</c>
            <x>0.994514 0.000318714 -0.104604</x>
            <y>-1.5515e-06 -0.999995 -0.0030616</y>
            <z>-0.104604 0.00304497 -0.994509</z>
            <e>0.203376 0.0859154 0.0432932</e>
        </box>
    </node>
    <node>
        <type>2</type>
        <ID>LeftLeg04</ID>
        <box>
            <c>0.763181 0.108173 0.0220895</c>
            <x>0.994514 0.000318709 -0.104604</x>
            <y>-1.55149e-06 -0.999995 -0.00306156</y>
            <z>-0.104604 0.00304493 -0.994509</z>
            <e>0.203377 0.0859154 0.0432932</e>
        </box>
    </node>
    <node>
        <type>2</type>
        <ID>RightLeg03</ID>
        <box>
            <c>-0.506616 0.361881 0.0220895</c>
            <x>-0.999995 0 0.00306128</x>
            <y>0.000320222 -0.994514 0.104604</y>
            <z>0.00304448 0.104604 0.994509</z>
            <e>0.0859164 0.203377 0.0432931</e>
        </box>
    </node>
    <node>
        <type>2</type>
        <ID>LeftLeg03</ID>
        <box>
            <c>0.521113 0.361881 0.0220895</c>
            <x>-0.999995 0 0.00306215</x>
            <y>0.000320313 -0.994514 0.104604</y>
            <z>0.00304535 0.104604 0.994509</z>
            <e>0.0859154 0.203377 0.0432932</e>
        </box>
    </node>
    <node>
        <type>1</type>
        <ID>GunHeadLeft</ID>
        <box>
            <c>0.144101 -0.334103 0.976463</c>
            <x>1 0 0</x>
            <y>0 1 0</y>
            <z>0 0 1</z>
            <e>0.0166295 0.258319 0.01663</e>
        </box>
    </node>
    <node>
        <type>1</type>
        <ID>GunHeadRight</ID>
        <box>
            <c>-0.228816 -0.334103 0.976463</c>
            <x>1 0 0</x>
            <y>0 1 0</y>
            <z>0 0 1</z>
            <e>0.016629 0.258319 0.01663</e>
        </box>
    </node>
    <cL>0</cL>
</document>
