<!--?xml Version = "1.0"?-->
<document>
    <cN>18</cN>
    <node>
        <type>2</type>
        <ID>Line008</ID>
        <box>
            <c>-254.287 -6.03125 120</c>
            <x>-2.22439e-08 1.06581e-14 1</x>
            <y>-4.49505e-07 -1 0</y>
            <z>1 -4.49505e-07 2.22439e-08</z>
            <e>10 56.6026 4.2219</e>
        </box>
    </node>
    <node>
        <type>2</type>
        <ID>Line009</ID>
        <box>
            <c>-254.09 54.7113 184.853</c>
            <x>6.74757e-06 0.98387 -0.178885</x>
            <y>-1.82405e-07 0.178885 0.98387</y>
            <z>1 -6.6061e-06 1.3865e-06</z>
            <e>5.73929 56.7961 4.22193</e>
        </box>
    </node>
    <node>
        <type>2</type>
        <ID>Leg04_Elements8</ID>
        <box>
            <c>-254.773 56.6836 56.0789</c>
            <x>4.37919e-07 0.268286 -0.963339</x>
            <y>-1.70473e-07 0.963339 0.268286</y>
            <z>1 4.67359e-08 4.676e-07</z>
            <e>58.1335 7.75772 4.2219</e>
        </box>
    </node>
    <node>
        <type>2</type>
        <ID>Leg04_Elements7</ID>
        <box>
            <c>-254.773 -62.9745 55.6768</c>
            <x>9.34018e-08 0.987246 -0.159202</x>
            <y>-4.49707e-07 0.159202 0.987246</y>
            <z>1 -2.06165e-08 4.58841e-07</z>
            <e>8.28754 56.3613 4.22185</e>
        </box>
    </node>
    <node>
        <type>2</type>
        <ID>back01</ID>
        <box>
            <c>1.74973e-14 48.7317 193.33</c>
            <x>-3.8571e-07 0.180576 0.983561</x>
            <y>1 -8.29735e-08 4.0739e-07</y>
            <z>1.55174e-07 0.983561 -0.180576</z>
            <e>47.3845 255 2.34944</e>
        </box>
    </node>
    <node>
        <type>2</type>
        <ID>seat07</ID>
        <box>
            <c>-1.06708e-13 -12.618 131.366</c>
            <x>1 -5.88235e-07 0</x>
            <y>5.88235e-07 1 0</y>
            <z>0 0 1</z>
            <e>255 48.1439 2.3403</e>
        </box>
    </node>
    <node>
        <type>2</type>
        <ID>Line010</ID>
        <box>
            <c>255.366 -6.03125 120</c>
            <x>0 -8.88178e-16 -1</x>
            <y>0 1 0</y>
            <z>1 -5.02034e-16 -5.28136e-19</z>
            <e>10 56.6026 4.22185</e>
        </box>
    </node>
    <node>
        <type>2</type>
        <ID>Line011</ID>
        <box>
            <c>255.562 54.7113 184.853</c>
            <x>0 -0.98387 0.178885</x>
            <y>0 -0.178885 -0.98387</y>
            <z>1 0 0</z>
            <e>5.73926 56.7961 4.22185</e>
        </box>
    </node>
    <node>
        <type>2</type>
        <ID>Leg04_Elements009</ID>
        <box>
            <c>254.879 -62.9745 55.6768</c>
            <x>1.86804e-07 0.987246 -0.159202</x>
            <y>-8.99414e-07 0.159202 0.987246</y>
            <z>1 -4.12338e-08 9.17683e-07</z>
            <e>8.28754 56.3613 4.22185</e>
        </box>
    </node>
    <node>
        <type>2</type>
        <ID>Leg04_Elements010</ID>
        <box>
            <c>254.88 56.6836 56.0789</c>
            <x>0 0.268286 -0.963339</x>
            <y>0 0.963339 0.268286</y>
            <z>1 0 0</z>
            <e>58.1335 7.75772 4.22185</e>
        </box>
    </node>
    <node>
        <type>2</type>
        <ID>Line012</ID>
        <box>
            <c>82.0743 -6.03125 120</c>
            <x>0 8.88178e-16 1</x>
            <y>0 -1 0</y>
            <z>1 0 0</z>
            <e>10 56.6026 4.22185</e>
        </box>
    </node>
    <node>
        <type>2</type>
        <ID>Line013</ID>
        <box>
            <c>82.2707 54.7113 184.853</c>
            <x>0 0.98387 -0.178885</x>
            <y>0 0.178885 0.98387</y>
            <z>1 0 0</z>
            <e>5.73926 56.7961 4.22185</e>
        </box>
    </node>
    <node>
        <type>2</type>
        <ID>Leg04_Elements011</ID>
        <box>
            <c>81.588 -62.9745 55.6768</c>
            <x>1.86804e-07 0.987246 -0.159202</x>
            <y>-8.99414e-07 0.159202 0.987246</y>
            <z>1 -4.12338e-08 9.17683e-07</z>
            <e>8.28754 56.3613 4.22185</e>
        </box>
    </node>
    <node>
        <type>2</type>
        <ID>Leg04_Elements012</ID>
        <box>
            <c>81.588 56.6836 56.0789</c>
            <x>4.37919e-07 0.268286 -0.963339</x>
            <y>-1.70473e-07 0.963339 0.268286</y>
            <z>1 4.6736e-08 4.676e-07</z>
            <e>58.1335 7.75772 4.2219</e>
        </box>
    </node>
    <node>
        <type>2</type>
        <ID>Line014</ID>
        <box>
            <c>-80.1805 -6.03125 120</c>
            <x>-2.2244e-08 2.04281e-14 1</x>
            <y>-4.49505e-07 -1 1.42109e-14</y>
            <z>1 -4.49505e-07 2.2244e-08</z>
            <e>10 56.6026 4.2219</e>
        </box>
    </node>
    <node>
        <type>2</type>
        <ID>Line015</ID>
        <box>
            <c>-79.984 54.7113 184.853</c>
            <x>0 -0.98387 0.178885</x>
            <y>0 -0.178885 -0.98387</y>
            <z>1 0 0</z>
            <e>5.73926 56.7961 4.22185</e>
        </box>
    </node>
    <node>
        <type>2</type>
        <ID>Leg04_Elements013</ID>
        <box>
            <c>-80.6668 -62.9745 55.6768</c>
            <x>0 0.987246 -0.159202</x>
            <y>0 0.159202 0.987246</y>
            <z>1 0 0</z>
            <e>8.28754 56.3613 4.22185</e>
        </box>
    </node>
    <node>
        <type>2</type>
        <ID>Leg04_Elements014</ID>
        <box>
            <c>-80.6667 56.6836 56.0789</c>
            <x>1.56187e-07 0.268286 -0.963339</x>
            <y>-1.89506e-06 0.963339 0.268286</y>
            <z>1 1.78369e-06 6.58881e-07</z>
            <e>58.1335 7.75773 4.22186</e>
        </box>
    </node>
    <cL>0</cL>
</document>
